[[[0.0, 1.664313293399004, 1.4775850143429594, 0.0, 0.0, 1.4867005519977539, 1.8851706564999904, 0.0, 0.0, 0.0, 0.0, 1.5083294787947126, 0.0, 0.0, 0.0, 1.4066907875485082, 1.3808002709899736, 1.5390131915372458, 0.0, 0.0, 0.0, 1.7743920629084922, 1.6678914242772125, 1.4297879368211146, 1.5851776145432865, 1.3893721295812502, 1.6834588317854213, 1.4639193209920802, 0.0, 1.4914558083355973, 0.0, 0.0, 1.3505922762774731, 1.730852116792705, 1.3652086859499948, 0.0, 1.8606886938787475, 0.0, 0.0, 0.0, 0.0, 1.6400851869039363, 1.0981153755788224, 1.1811168036940425, 0.0, 1.4311545016795841, 1.3885509140600751, 0.0, 0.0, 1.5308874740777982], [1.664313293399004, 0.0, 1.5026587135369263, 1.5432387473600273, 0.0, 1.3482732199988163, 1.5182884401960477, 1.5692789190249454, 1.2782412531629181, 0.0, 0.0, 1.1894715116482466, 1.344472147506869, 1.6263752182777698, 1.1604666226046862, 0.0, 0.0, 1.810965658790073, 0.0, 1.101312148705671, 0.0, 1.352058522827055, 0.0, 0.0, 1.5523716899187756, 0.0, 1.5034368949587698, 0.0, 1.2830651748760968, 1.375340656473984, 1.8513020356900722, 0.0, 0.0, 1.4263137027421888, 0.0, 0.0, 1.3221690164743967, 1.324045758396126, 1.4495931851589625, 1.540436649576237, 0.0, 1.4495838675826929, 1.4262703729205597, 0.0, 1.2169407234753096, 1.6352232214017661, 0.0, 1.3210353649785564, 0.0, 1.3305689029080277], [1.4775850143429594, 1.5026587135369263, 0.0, 0.0, 1.728273625841891, 0.0, 1.408786902193738, 1.6267791147298016, 0.0, 1.400748594270043, 1.2582891064352806, 1.6586005607114291, 1.2602993060322916, 0.0, 1.473877205667355, 1.1000862451223283, 1.53524605513824, 1.6148601375720775, 1.6750653937753226, 1.4462846717281175, 1.4969232621098092, 1.5247946661439349, 0.0, 1.763859166044652, 0.0, 1.332369403055955, 1.6526991164143003, 1.7485924910552486, 0.0, 1.6102276893773704, 1.1453727496591855, 1.5429404799070399, 0.0, 1.0671970408681117, 1.4828355531726458, 1.6152592971476971, 0.0, 1.7109641608983412, 1.5619703791714201, 0.0, 0.0, 0.0, 1.6985911372867042, 0.0, 0.0, 1.2538293364613826, 0.0, 0.0, 1.4335175259679782, 1.4357260649042611], [0.0, 1.5432387473600273, 0.0, 0.0, 0.0, 1.725944393783482, 0.0, 1.8212312415992309, 0.0, 0.0, 1.0863679830045685, 1.6763327578301581, 0.0, 0.0, 1.4978168637836897, 0.0, 1.495488359234053, 1.353512330226197, 1.8821113727680707, 1.7229771279574972, 0.0, 0.0, 1.5622191177726101, 1.6058873949706793, 1.3599976420627997, 0.0, 0.0, 0.0, 1.6542574380933575, 1.8874002576440996, 1.2076444550542338, 1.4155441759810743, 0.0, 0.0, 1.6114023041123426, 1.4179231885671677, 0.0, 1.3737427597852752, 0.0, 0.0, 1.1291442369066886, 0.0, 0.0, 0.0, 0.0, 0.0, 0.0, 0.0, 1.5265343528451494, 0.0], [0.0, 0.0, 1.728273625841891, 0.0, 0.0, 1.7786207749271297, 0.0, 1.2009474948874237, 0.0, 1.4182595820942057, 1.559289971057059, 0.0, 1.2049418889057186, 0.0, 0.0, 0.0, 1.407173098854295, 1.5974907943258154, 1.7720623185286413, 0.0, 0.0, 1.5391626083725378, 0.0, 0.0, 0.0, 1.2581239289185242, 1.312954446220827, 1.6637748495891884, 0.0, 1.7094675744054126, 1.4745822939442663, 0.0, 0.0, 1.3747015293315918, 1.8270114252024303, 0.0, 0.0, 1.8194540777907653, 1.4328103309384763, 0.0, 0.0, 0.0, 0.0, 0.0, 1.7345358179906352, 1.260042421869137, 0.0, 0.0, 1.5485799965960938, 1.6245473915225868], [1.4867005519977539, 1.3482732199988163, 0.0, 1.725944393783482, 1.7786207749271297, 0.0, 1.3758022234647838, 1.6488470572249005, 1.3455132922313582, 0.0, 0.0, 0.0, 0.0, 1.6444259598382616, 0.0, 0.0, 1.2689053609361713, 1.272815202524279, 0.0, 0.0, 0.0, 1.2902022623842437, 0.0, 0.0, 0.0, 1.4477955667527462, 1.4339737917521789, 0.0, 0.0, 0.0, 0.0, 1.7796518614054357, 0.0, 0.0, 0.0, 0.0, 0.0, 1.7012324379829036, 0.0, 1.3644394308367258, 1.7396193779989937, 1.4201009161047393, 0.0, 0.0, 1.6859720411630554, 0.0, 1.1464832532408855, 0.0, 1.4643470354916817, 1.5259136162150688], [1.8851706564999904, 1.5182884401960477, 1.408786902193738, 0.0, 0.0, 1.3758022234647838, 0.0, 1.3172646589381274, 0.0, 1.623244270257821, 1.6632462713094955, 0.0, 0.0, 1.4779632979878383, 1.5437604312841495, 1.4330027981822169, 1.4987611409316957, 0.0, 0.0, 1.4690850963535762, 0.0, 1.3505176306998636, 0.0, 1.4334547494014962, 0.0, 0.0, 1.3251362858369191, 1.5680297337927716, 1.579512382115763, 1.203757473959075, 1.2526131170984527, 0.0, 0.0, 0.0, 0.0, 0.0, 0.0, 0.0, 1.5624945104477146, 1.225793536617526, 0.0, 1.7353197638244484, 0.0, 0.0, 0.0, 1.4974130573962339, 0.0, 0.0, 1.671388849802708, 0.0], [0.0, 1.5692789190249454, 1.6267791147298016, 1.8212312415992309, 1.2009474948874237, 1.6488470572249005, 1.3172646589381274, 0.0, 0.0, 0.0, 1.8811908708929113, 0.0, 1.556394101476972, 1.247111157424706, 1.3068392701077272, 1.8907515743100884, 1.7550708126174515, 0.0, 1.5654271352145814, 0.0, 0.0, 0.0, 1.5883842094807945, 0.0, 0.0, 0.0, 1.7152841423387581, 1.5047877090425126, 1.313181539044002, 0.0, 1.5970778677192332, 1.297290211605761, 1.5126001500433004, 0.0, 1.43954069417053, 1.43275831857783, 0.0, 0.0, 1.0993755993154726, 1.1857486266235338, 1.5545161213288212, 0.0, 1.2511468628787443, 0.0, 1.1180017725225606, 0.0, 1.450302280400344, 1.5970036797411895, 1.7381480875156405, 0.0], [0.0, 1.2782412531629181, 0.0, 0.0, 0.0, 1.3455132922313582, 0.0, 0.0, 0.0, 0.0, 1.4070183331815853, 1.1372118328644285, 0.0, 1.673481645404352, 1.8272129733131952, 1.629078180229918, 1.6048812224807372, 1.2330379162415237, 1.5235867211721492, 1.509787724333402, 1.161083087924993, 0.0, 0.0, 1.4809597745834147, 1.5482159899072916, 1.380347827299106, 0.0, 0.0, 1.892381024521125, 0.0, 0.0, 1.594926319092361, 0.0, 0.0, 0.0, 1.2663904857822168, 0.0, 1.8802942210464857, 1.5127427943539653, 0.0, 1.1897395884426445, 1.2363442616948688, 0.0, 1.4728074948006622, 1.419367286772667, 1.5039388725530376, 0.0, 1.5024041463581663, 0.0, 1.3787200610296926], [0.0, 0.0, 1.400748594270043, 0.0, 1.4182595820942057, 0.0, 1.623244270257821, 0.0, 0.0, 0.0, 0.0, 1.822704592884441, 0.0, 1.9282962776266568, 1.6438274182197774, 1.058936650763565, 0.0, 1.4702751536671117, 1.717693809631533, 0.0, 0.0, 0.0, 0.0, 1.358277584499906, 0.0, 0.0, 0.0, 1.641065382579049, 1.765934398010254, 0.0, 1.8691626951425606, 1.569351216472168, 1.4213689069885738, 1.2338018616071955, 0.0, 1.9763198115783511, 1.3065391548626604, 0.0, 1.7355144491054817, 0.0, 1.735194590172659, 0.0, 1.536972479715696, 0.0, 0.0, 1.6119820435240158, 1.1255564810447147, 0.0, 0.0, 0.0], [0.0, 0.0, 1.2582891064352806, 1.0863679830045685, 1.559289971057059, 0.0, 1.6632462713094955, 1.8811908708929113, 1.4070183331815853, 0.0, 0.0, 1.4944787375327813, 1.73093738113826, 0.0, 0.0, 1.4111405724791464, 1.637561171013405, 0.0, 1.4504234213306053, 1.4611871234698501, 0.0, 1.5764677095261193, 1.8160671694753487, 0.0, 1.6544468861540071, 1.6904429854647063, 0.0, 0.0, 1.38268417684501, 1.1412332206062428, 1.7479500504306273, 1.514056986055, 1.6629088058862562, 1.081564266219948, 1.6285024137098925, 0.0, 1.5126399974271125, 0.0, 0.0, 0.0, 1.5631466904123208, 0.0, 0.0, 1.5782716145593143, 1.399835729105355, 0.0, 1.6121226746020922, 1.6042924753750247, 1.2309102301712687, 0.0], [1.5083294787947126, 1.1894715116482466, 1.6586005607114291, 1.6763327578301581, 0.0, 0.0, 0.0, 0.0, 1.1372118328644285, 1.822704592884441, 1.4944787375327813, 0.0, 1.8493709569597239, 0.0, 0.0, 0.0, 1.8090912111629693, 1.5298944126143523, 0.0, 0.0, 0.0, 1.5852098822113558, 0.0, 0.0, 1.7500730922075687, 1.7446309763082046, 0.0, 1.5072559204117706, 0.0, 0.0, 0.0, 1.5364263567874208, 0.0, 1.475857345333057, 0.0, 1.3483979688085952, 1.6193629313756732, 0.0, 1.175914773576289, 1.7569663724467706, 0.0, 1.393994936975765, 1.5117269690481923, 1.207980971932256, 0.0, 0.0, 1.6247741831611326, 0.0, 0.0, 0.0], [0.0, 1.344472147506869, 1.2602993060322916, 0.0, 1.2049418889057186, 0.0, 0.0, 1.556394101476972, 0.0, 0.0, 1.73093738113826, 1.8493709569597239, 0.0, 0.0, 1.442329065341107, 1.1599362903958723, 1.3781038525412264, 1.6165014806214255, 1.7231979139394689, 1.0858303574982306, 0.0, 1.878878815343705, 1.137490926542545, 0.0, 1.4885720346967783, 1.7932371903008666, 0.0, 0.0, 1.5865856236454894, 1.4123455554702922, 0.0, 0.0, 1.6685583074107717, 0.0, 0.0, 0.0, 1.2285276222769004, 1.2690494908697594, 0.0, 0.0, 0.0, 0.0, 1.4814335423789764, 0.0, 1.5888065494340897, 1.1929546593677571, 0.0, 1.7726927255216078, 1.5449295822279905, 1.0353739854949928], [0.0, 1.6263752182777698, 0.0, 0.0, 0.0, 1.6444259598382616, 1.4779632979878383, 1.247111157424706, 1.673481645404352, 1.9282962776266568, 0.0, 0.0, 0.0, 0.0, 0.0, 0.0, 0.0, 1.2451324891340836, 0.0, 1.4307515965563313, 1.1924396340646588, 0.0, 1.6160837879947847, 0.0, 0.0, 1.3368694984841683, 1.2934363240842137, 0.0, 1.392366944336248, 1.5638343814957996, 0.0, 1.5053387414000658, 0.0, 1.1787210016889742, 1.7987342392662697, 1.47776082121614, 1.3210085466834955, 0.0, 0.0, 0.0, 1.2413510506247591, 0.0, 0.0, 0.0, 1.3298670571424034, 1.6775405897184408, 0.0, 1.7767261796717222, 1.7792151883501188, 1.7412907076699073], [0.0, 1.1604666226046862, 1.473877205667355, 1.4978168637836897, 0.0, 0.0, 1.5437604312841495, 1.3068392701077272, 1.8272129733131952, 1.6438274182197774, 0.0, 0.0, 1.442329065341107, 0.0, 0.0, 1.4835397545987221, 1.345605581004758, 0.0, 1.8563586377269565, 0.0, 1.3387056378627702, 1.6923413332181314, 1.3150645600124748, 0.0, 0.0, 0.0, 0.0, 0.0, 1.413606012956632, 0.0, 1.7893743870786596, 0.0, 1.3881971407607687, 0.0, 0.0, 0.0, 1.4911524445523745, 0.0, 0.0, 0.0, 1.3340515756644136, 1.5518813711050106, 0.0, 1.521829523786884, 0.0, 0.0, 1.2113521131660836, 0.0, 1.422668424847683, 1.735612025130291], [1.4066907875485082, 0.0, 1.1000862451223283, 0.0, 0.0, 0.0, 1.4330027981822169, 1.8907515743100884, 1.629078180229918, 1.058936650763565, 1.4111405724791464, 0.0, 1.1599362903958723, 0.0, 1.4835397545987221, 0.0, 1.7178955564102008, 1.140253412995418, 0.0, 1.346783373395812, 0.0, 1.6784996746632561, 0.0, 1.269627962994481, 0.0, 1.4709025443961987, 1.4810021664239361, 1.9715222140647597, 1.6055950089480144, 1.558758508928566, 1.493086334101228, 1.2216390574943317, 1.5344679714640792, 1.5168985725568869, 0.0, 0.0, 0.0, 0.0, 1.6784114907941992, 0.0, 1.071199115116175, 0.0, 0.0, 1.5746093988770637, 0.0, 0.0, 0.0, 0.0, 0.0, 1.4125107224132334], [1.3808002709899736, 0.0, 1.53524605513824, 1.495488359234053, 1.407173098854295, 1.2689053609361713, 1.4987611409316957, 1.7550708126174515, 1.6048812224807372, 0.0, 1.637561171013405, 1.8090912111629693, 1.3781038525412264, 0.0, 1.345605581004758, 1.7178955564102008, 0.0, 1.798585431358133, 1.5093164922609925, 0.0, 1.542081161591324, 0.0, 1.5262522525281712, 0.0, 0.0, 1.379349728466139, 1.6024641426419395, 1.5183016774107092, 0.0, 1.8038627491361865, 0.0, 0.0, 1.5719377035106425, 0.0, 0.0, 0.0, 1.472856649770943, 1.6866672773984184, 1.472716743863712, 0.0, 0.0, 0.0, 1.4668250804374612, 0.0, 1.9156694666907434, 1.537159778577723, 1.51319918603894, 0.0, 1.7710762433226632, 0.0], [1.5390131915372458, 1.810965658790073, 1.6148601375720775, 1.353512330226197, 1.5974907943258154, 1.272815202524279, 0.0, 0.0, 1.2330379162415237, 1.4702751536671117, 0.0, 1.5298944126143523, 1.6165014806214255, 1.2451324891340836, 0.0, 1.140253412995418, 1.798585431358133, 0.0, 0.0, 1.577659221753498, 0.0, 0.0, 0.0, 0.0, 0.0, 1.4449909496415243, 0.0, 0.0, 1.6031476308503714, 1.24784587109087, 0.0, 0.0, 0.0, 1.193952989684791, 1.5198649609851838, 1.7212633499003798, 1.2255888512366013, 1.5914172528413253, 0.0, 0.0, 0.0, 0.0, 0.0, 1.3788230128418237, 0.0, 0.0, 1.2543971270400887, 0.0, 1.4351332954368032, 1.5328351181803983], [0.0, 0.0, 1.6750653937753226, 1.8821113727680707, 1.7720623185286413, 0.0, 0.0, 1.5654271352145814, 1.5235867211721492, 1.717693809631533, 1.4504234213306053, 0.0, 1.7231979139394689, 0.0, 1.8563586377269565, 0.0, 1.5093164922609925, 0.0, 0.0, 1.7688508626358845, 0.0, 0.0, 0.0, 0.0, 1.5884651085843275, 1.9247801493093313, 1.6701294674503298, 0.0, 1.199447861916929, 0.0, 0.0, 0.0, 1.2213907769335572, 0.0, 0.0, 1.3282351928999245, 1.741631622831842, 0.0, 0.0, 0.0, 0.0, 1.319287560778644, 0.0, 1.0912646829462216, 1.478325147417022, 1.4059754497166097, 0.0, 1.406222633844759, 0.0, 0.0], [0.0, 1.101312148705671, 1.4462846717281175, 1.7229771279574972, 0.0, 0.0, 1.4690850963535762, 0.0, 1.509787724333402, 0.0, 1.4611871234698501, 0.0, 1.0858303574982306, 1.4307515965563313, 0.0, 1.346783373395812, 0.0, 1.577659221753498, 1.7688508626358845, 0.0, 0.0, 1.4967361055084658, 1.6286676057279512, 1.8669570418247508, 0.0, 1.5803970823658051, 1.6534862167507347, 1.425856378903951, 1.5095034750092517, 1.8925127547871567, 0.0, 1.9376362579119197, 0.0, 1.5340143594819504, 0.0, 1.613376636158127, 0.0, 1.3398463801073532, 1.608248260991345, 0.0, 1.3866062335426481, 0.0, 0.0, 0.0, 0.0, 1.2340239513372486, 0.0, 1.7131082112721483, 0.0, 1.5863309226904683], [0.0, 0.0, 1.4969232621098092, 0.0, 0.0, 0.0, 0.0, 0.0, 1.161083087924993, 0.0, 0.0, 0.0, 0.0, 1.1924396340646588, 1.3387056378627702, 0.0, 1.542081161591324, 0.0, 0.0, 0.0, 0.0, 0.0, 0.0, 0.0, 0.0, 1.6574261542433546, 0.0, 0.0, 0.0, 1.1040793171302963, 1.5401959278027522, 1.177994270075395, 1.7744540111335199, 1.6149199156813632, 0.0, 1.504497295296467, 0.0, 0.0, 1.581310532880221, 1.472349306698443, 1.4263265913406216, 1.434819921275884, 0.0, 1.2899614005528712, 1.1936936700554974, 0.0, 0.0, 0.0, 1.2108629948409577, 1.4684727027636486], [1.7743920629084922, 1.352058522827055, 1.5247946661439349, 0.0, 1.5391626083725378, 1.2902022623842437, 1.3505176306998636, 0.0, 0.0, 0.0, 1.5764677095261193, 1.5852098822113558, 1.878878815343705, 0.0, 1.6923413332181314, 1.6784996746632561, 0.0, 0.0, 0.0, 1.4967361055084658, 0.0, 0.0, 0.0, 1.4437394763193492, 1.7880137935181262, 1.2252895106919626, 1.6815467684743473, 0.0, 0.0, 0.0, 0.0, 1.5376693151805245, 1.5072565414924421, 1.8174378638350221, 0.0, 0.0, 0.0, 0.0, 1.4548388739941702, 1.6798417677150073, 1.3320860722910175, 0.0, 1.2098787936638289, 1.7784248600504329, 1.4922948314394948, 0.0, 0.0, 0.0, 0.0, 1.5536795448678342], [1.6678914242772125, 0.0, 0.0, 1.5622191177726101, 0.0, 0.0, 0.0, 1.5883842094807945, 0.0, 0.0, 1.8160671694753487, 0.0, 1.137490926542545, 1.6160837879947847, 1.3150645600124748, 0.0, 1.5262522525281712, 0.0, 0.0, 1.6286676057279512, 0.0, 0.0, 0.0, 0.0, 1.4397171503094577, 1.611787453683427, 1.7007785722286555, 1.5621536755390344, 0.0, 0.0, 0.0, 1.3855895991653626, 0.0, 1.069165654097843, 1.4224175709096687, 0.0, 1.4607773406124214, 1.603852691361678, 1.212455648027477, 1.4560549078409342, 0.0, 0.0, 1.4841999691838645, 0.0, 1.2312995026739615, 0.0, 1.5046511978291968, 0.0, 0.0, 1.4183540830151526], [1.4297879368211146, 0.0, 1.763859166044652, 1.6058873949706793, 0.0, 0.0, 1.4334547494014962, 0.0, 1.4809597745834147, 1.358277584499906, 0.0, 0.0, 0.0, 0.0, 0.0, 1.269627962994481, 0.0, 0.0, 0.0, 1.8669570418247508, 0.0, 1.4437394763193492, 0.0, 0.0, 0.0, 1.4982757694914879, 0.0, 1.8118450512988047, 0.0, 1.7636015387487982, 0.0, 1.6552975305616964, 1.5466481542638633, 0.0, 1.5722808212467556, 0.0, 1.6461063501563347, 1.559648309381332, 0.0, 1.3139814566749264, 0.0, 0.0, 0.0, 0.0, 0.0, 0.0, 0.0, 1.8210606102260414, 0.0, 0.0], [1.5851776145432865, 1.5523716899187756, 0.0, 1.3599976420627997, 0.0, 0.0, 0.0, 0.0, 1.5482159899072916, 0.0, 1.6544468861540071, 1.7500730922075687, 1.4885720346967783, 0.0, 0.0, 0.0, 0.0, 0.0, 1.5884651085843275, 0.0, 0.0, 1.7880137935181262, 1.4397171503094577, 0.0, 0.0, 0.0, 0.0, 1.1525560428318606, 0.0, 0.0, 1.8167247798949324, 1.5996066799860964, 0.0, 0.0, 1.474398214983481, 1.5466097053167809, 1.5018691651652019, 0.0, 1.3778573256380446, 1.5118923162319495, 0.0, 1.5613732569519112, 1.608811620759901, 1.4870365482760564, 1.7467025877801217, 0.0, 0.0, 1.5093308625768151, 0.0, 1.5266842578060065], [1.3893721295812502, 0.0, 1.332369403055955, 0.0, 1.2581239289185242, 1.4477955667527462, 0.0, 0.0, 1.380347827299106, 0.0, 1.6904429854647063, 1.7446309763082046, 1.7932371903008666, 1.3368694984841683, 0.0, 1.4709025443961987, 1.379349728466139, 1.4449909496415243, 1.9247801493093313, 1.5803970823658051, 1.6574261542433546, 1.2252895106919626, 1.611787453683427, 1.4982757694914879, 0.0, 0.0, 1.3129112680587074, 0.0, 0.0, 1.663084265838628, 1.3104351817327131, 0.0, 1.2783371754346478, 0.0, 0.0, 0.0, 1.0899454230208563, 0.0, 0.0, 1.662753929804111, 0.0, 0.0, 1.4453741051736992, 0.0, 1.5346382573238597, 1.4244407824479406, 1.4395350982803194, 0.0, 0.0, 1.355257775440343], [1.6834588317854213, 1.5034368949587698, 1.6526991164143003, 0.0, 1.312954446220827, 1.4339737917521789, 1.3251362858369191, 1.7152841423387581, 0.0, 0.0, 0.0, 0.0, 0.0, 1.2934363240842137, 0.0, 1.4810021664239361, 1.6024641426419395, 0.0, 1.6701294674503298, 1.6534862167507347, 0.0, 1.6815467684743473, 1.7007785722286555, 0.0, 0.0, 1.3129112680587074, 0.0, 0.0, 0.0, 0.0, 1.285130016497241, 1.434204549952714, 1.9123324865212057, 1.396767659405791, 1.407476759743456, 1.435222206997904, 1.5398610909461379, 1.8467070430502779, 0.0, 0.0, 1.847849059891289, 0.0, 0.0, 1.350216523410324, 1.2689031966165354, 0.0, 1.8811537150117135, 1.4971609848655727, 0.0, 1.6524524341661162], [1.4639193209920802, 0.0, 1.7485924910552486, 0.0, 1.6637748495891884, 0.0, 1.5680297337927716, 1.5047877090425126, 0.0, 1.641065382579049, 0.0, 1.5072559204117706, 0.0, 0.0, 0.0, 1.9715222140647597, 1.5183016774107092, 0.0, 0.0, 1.425856378903951, 0.0, 0.0, 1.5621536755390344, 1.8118450512988047, 1.1525560428318606, 0.0, 0.0, 0.0, 1.2733222245828006, 1.4939640588543646, 1.4251237683305034, 0.0, 0.0, 1.5493006620237852, 0.0, 0.0, 0.0, 1.4590667017192378, 0.0, 1.3688011390842871, 0.0, 1.6002650629752886, 1.1090877699018566, 1.327181570593916, 0.0, 0.0, 1.2001990921092704, 1.2543875344856972, 0.0, 0.0], [0.0, 1.2830651748760968, 0.0, 1.6542574380933575, 0.0, 0.0, 1.579512382115763, 1.313181539044002, 1.892381024521125, 1.765934398010254, 1.38268417684501, 0.0, 1.5865856236454894, 1.392366944336248, 1.413606012956632, 1.6055950089480144, 0.0, 1.6031476308503714, 1.199447861916929, 1.5095034750092517, 0.0, 0.0, 0.0, 0.0, 0.0, 0.0, 0.0, 1.2733222245828006, 0.0, 0.0, 1.614562739586402, 1.5060936385349748, 1.2373113773558475, 0.0, 1.0851973520156912, 1.5845470460713635, 0.0, 1.5597077484190167, 0.0, 1.8435869162857164, 1.4728386692591335, 1.5881859302704844, 1.504390837914474, 0.0, 1.5760648284806829, 0.0, 1.7115929878370753, 1.6311169497532867, 0.0, 0.0], [1.4914558083355973, 1.375340656473984, 1.6102276893773704, 1.8874002576440996, 1.7094675744054126, 0.0, 1.203757473959075, 0.0, 0.0, 0.0, 1.1412332206062428, 0.0, 1.4123455554702922, 1.5638343814957996, 0.0, 1.558758508928566, 1.8038627491361865, 1.24784587109087, 0.0, 1.8925127547871567, 1.1040793171302963, 0.0, 0.0, 1.7636015387487982, 0.0, 1.663084265838628, 0.0, 1.4939640588543646, 0.0, 0.0, 0.0, 1.4775622148565062, 1.6491803393439213, 0.0, 1.328303289469267, 0.0, 0.0, 1.5154166816964838, 0.0, 0.0, 0.0, 0.0, 1.5434906086111848, 1.413793473436753, 0.0, 1.1885332206578114, 0.0, 1.2999512147781385, 1.097833455251963, 1.8226422922884973], [0.0, 1.8513020356900722, 1.1453727496591855, 1.2076444550542338, 1.4745822939442663, 0.0, 1.2526131170984527, 1.5970778677192332, 0.0, 1.8691626951425606, 1.7479500504306273, 0.0, 0.0, 0.0, 1.7893743870786596, 1.493086334101228, 0.0, 0.0, 0.0, 0.0, 1.5401959278027522, 0.0, 0.0, 0.0, 1.8167247798949324, 1.3104351817327131, 1.285130016497241, 1.4251237683305034, 1.614562739586402, 0.0, 0.0, 0.0, 0.0, 1.614549704810333, 1.2879617282462341, 0.0, 1.6734483437094916, 0.0, 0.0, 1.4168221973461028, 1.4428972259746495, 1.3898080285469367, 0.0, 1.2553435273961608, 1.3743780280591442, 1.7360253892981423, 1.2121858522994924, 0.0, 0.0, 0.0], [0.0, 0.0, 1.5429404799070399, 1.4155441759810743, 0.0, 1.7796518614054357, 0.0, 1.297290211605761, 1.594926319092361, 1.569351216472168, 1.514056986055, 1.5364263567874208, 0.0, 1.5053387414000658, 0.0, 1.2216390574943317, 0.0, 0.0, 0.0, 1.9376362579119197, 1.177994270075395, 1.5376693151805245, 1.3855895991653626, 1.6552975305616964, 1.5996066799860964, 0.0, 1.434204549952714, 0.0, 1.5060936385349748, 1.4775622148565062, 0.0, 0.0, 0.0, 1.3205580653994704, 1.7054826306143558, 1.6247331156292228, 1.589654050765033, 1.1291696511011833, 0.0, 0.0, 0.0, 1.6297355515014778, 1.18113974533239, 0.0, 0.0, 1.2584043660439725, 1.0282157664514942, 1.2477198839323043, 0.0, 0.0], [1.3505922762774731, 0.0, 0.0, 0.0, 0.0, 0.0, 0.0, 1.5126001500433004, 0.0, 1.4213689069885738, 1.6629088058862562, 0.0, 1.6685583074107717, 0.0, 1.3881971407607687, 1.5344679714640792, 1.5719377035106425, 0.0, 1.2213907769335572, 0.0, 1.7744540111335199, 1.5072565414924421, 0.0, 1.5466481542638633, 0.0, 1.2783371754346478, 1.9123324865212057, 0.0, 1.2373113773558475, 1.6491803393439213, 0.0, 0.0, 0.0, 0.0, 1.2473655071759646, 0.0, 0.0, 0.0, 1.55002317175463, 1.6015917841477503, 1.2648041911372574, 0.0, 1.5953001558237172, 1.7839957648609004, 1.6605157181871495, 1.08187812651586, 0.0, 1.4182549023235362, 0.0, 1.1847634957431623], [1.730852116792705, 1.4263137027421888, 1.0671970408681117, 0.0, 1.3747015293315918, 0.0, 0.0, 0.0, 0.0, 1.2338018616071955, 1.081564266219948, 1.475857345333057, 0.0, 1.1787210016889742, 0.0, 1.5168985725568869, 0.0, 1.193952989684791, 0.0, 1.5340143594819504, 1.6149199156813632, 1.8174378638350221, 1.069165654097843, 0.0, 0.0, 0.0, 1.396767659405791, 1.5493006620237852, 0.0, 0.0, 1.614549704810333, 1.3205580653994704, 0.0, 0.0, 1.0503698389809752, 1.4934620359036064, 1.2650086085433503, 1.2238010495071736, 0.0, 1.5098786694193207, 0.0, 0.0, 0.0, 1.6028047172358288, 1.2256553012823184, 0.0, 1.8888311139725449, 1.696210295384608, 0.0, 0.0], [1.3652086859499948, 0.0, 1.4828355531726458, 1.6114023041123426, 1.8270114252024303, 0.0, 0.0, 1.43954069417053, 0.0, 0.0, 1.6285024137098925, 0.0, 0.0, 1.7987342392662697, 0.0, 0.0, 0.0, 1.5198649609851838, 0.0, 0.0, 0.0, 0.0, 1.4224175709096687, 1.5722808212467556, 1.474398214983481, 0.0, 1.407476759743456, 0.0, 1.0851973520156912, 1.328303289469267, 1.2879617282462341, 1.7054826306143558, 1.2473655071759646, 1.0503698389809752, 0.0, 0.0, 1.4162140635970857, 0.0, 0.0, 1.2303035377358977, 1.1668042267799992, 0.0, 0.0, 0.0, 1.409098177745267, 1.76890998896392, 1.17225649631566, 1.3978082884705152, 1.6781611172644555, 1.4345371684295183], [0.0, 0.0, 1.6152592971476971, 1.4179231885671677, 0.0, 0.0, 0.0, 1.43275831857783, 1.2663904857822168, 1.9763198115783511, 0.0, 1.3483979688085952, 0.0, 1.47776082121614, 0.0, 0.0, 0.0, 1.7212633499003798, 1.3282351928999245, 1.613376636158127, 1.504497295296467, 0.0, 0.0, 0.0, 1.5466097053167809, 0.0, 1.435222206997904, 0.0, 1.5845470460713635, 0.0, 0.0, 1.6247331156292228, 0.0, 1.4934620359036064, 0.0, 0.0, 1.3899020892354055, 0.0, 1.4591753598386763, 0.0, 1.849765654186297, 0.0, 0.0, 1.8619287552363866, 0.0, 1.7038891028285197, 1.7089455542966174, 1.3394085878260107, 1.5212842861772826, 1.8653698372753977], [1.8606886938787475, 1.3221690164743967, 0.0, 0.0, 0.0, 0.0, 0.0, 0.0, 0.0, 1.3065391548626604, 1.5126399974271125, 1.6193629313756732, 1.2285276222769004, 1.3210085466834955, 1.4911524445523745, 0.0, 1.472856649770943, 1.2255888512366013, 1.741631622831842, 0.0, 0.0, 0.0, 1.4607773406124214, 1.6461063501563347, 1.5018691651652019, 1.0899454230208563, 1.5398610909461379, 0.0, 0.0, 0.0, 1.6734483437094916, 1.589654050765033, 0.0, 1.2650086085433503, 1.4162140635970857, 1.3899020892354055, 0.0, 1.5870745923464524, 0.0, 1.477076088258067, 0.0, 0.0, 1.617848662109421, 1.2501244117723944, 0.0, 0.0, 0.0, 0.0, 1.2415019854320253, 0.0], [0.0, 1.324045758396126, 1.7109641608983412, 1.3737427597852752, 1.8194540777907653, 1.7012324379829036, 0.0, 0.0, 1.8802942210464857, 0.0, 0.0, 0.0, 1.2690494908697594, 0.0, 0.0, 0.0, 1.6866672773984184, 1.5914172528413253, 0.0, 1.3398463801073532, 0.0, 0.0, 1.603852691361678, 1.559648309381332, 0.0, 0.0, 1.8467070430502779, 1.4590667017192378, 1.5597077484190167, 1.5154166816964838, 0.0, 1.1291696511011833, 0.0, 1.2238010495071736, 0.0, 0.0, 1.5870745923464524, 0.0, 0.0, 0.0, 0.0, 0.0, 0.0, 1.3623928351653332, 0.0, 0.0, 1.3420369964319847, 0.0, 1.1644096012710898, 1.6221693929251249], [0.0, 1.4495931851589625, 1.5619703791714201, 0.0, 1.4328103309384763, 0.0, 1.5624945104477146, 1.0993755993154726, 1.5127427943539653, 1.7355144491054817, 0.0, 1.175914773576289, 0.0, 0.0, 0.0, 1.6784114907941992, 1.472716743863712, 0.0, 0.0, 1.608248260991345, 1.581310532880221, 1.4548388739941702, 1.212455648027477, 0.0, 1.3778573256380446, 0.0, 0.0, 0.0, 0.0, 0.0, 0.0, 0.0, 1.55002317175463, 0.0, 0.0, 1.4591753598386763, 0.0, 0.0, 0.0, 0.0, 1.5664789774454815, 0.0, 0.0, 1.2711104936802742, 1.1619068484183919, 1.5734308746654035, 1.5003231530169825, 1.8775109503963006, 1.2256397795965883, 1.5710287572246422], [0.0, 1.540436649576237, 0.0, 0.0, 0.0, 1.3644394308367258, 1.225793536617526, 1.1857486266235338, 0.0, 0.0, 0.0, 1.7569663724467706, 0.0, 0.0, 0.0, 0.0, 0.0, 0.0, 0.0, 0.0, 1.472349306698443, 1.6798417677150073, 1.4560549078409342, 1.3139814566749264, 1.5118923162319495, 1.662753929804111, 0.0, 1.3688011390842871, 1.8435869162857164, 0.0, 1.4168221973461028, 0.0, 1.6015917841477503, 1.5098786694193207, 1.2303035377358977, 0.0, 1.477076088258067, 0.0, 0.0, 0.0, 1.5473030133315873, 1.5489151920993842, 0.0, 1.4923631945029392, 1.4732684705880366, 1.4924068498717578, 0.0, 0.0, 0.0, 1.5934442940101345], [0.0, 0.0, 0.0, 1.1291442369066886, 0.0, 1.7396193779989937, 0.0, 1.5545161213288212, 1.1897395884426445, 1.735194590172659, 1.5631466904123208, 0.0, 0.0, 1.2413510506247591, 1.3340515756644136, 1.071199115116175, 0.0, 0.0, 0.0, 1.3866062335426481, 1.4263265913406216, 1.3320860722910175, 0.0, 0.0, 0.0, 0.0, 1.847849059891289, 0.0, 1.4728386692591335, 0.0, 1.4428972259746495, 0.0, 1.2648041911372574, 0.0, 1.1668042267799992, 1.849765654186297, 0.0, 0.0, 1.5664789774454815, 1.5473030133315873, 0.0, 0.0, 0.0, 0.0, 0.0, 0.0, 1.5828916925101544, 1.839270461612331, 0.0, 0.0], [1.6400851869039363, 1.4495838675826929, 0.0, 0.0, 0.0, 1.4201009161047393, 1.7353197638244484, 0.0, 1.2363442616948688, 0.0, 0.0, 1.393994936975765, 0.0, 0.0, 1.5518813711050106, 0.0, 0.0, 0.0, 1.319287560778644, 0.0, 1.434819921275884, 0.0, 0.0, 0.0, 1.5613732569519112, 0.0, 0.0, 1.6002650629752886, 1.5881859302704844, 0.0, 1.3898080285469367, 1.6297355515014778, 0.0, 0.0, 0.0, 0.0, 0.0, 0.0, 0.0, 1.5489151920993842, 0.0, 0.0, 1.3613682017821647, 0.0, 0.0, 0.0, 1.4825056739570974, 0.0, 0.0, 1.6493156298248683], [1.0981153755788224, 1.4262703729205597, 1.6985911372867042, 0.0, 0.0, 0.0, 0.0, 1.2511468628787443, 0.0, 1.536972479715696, 0.0, 1.5117269690481923, 1.4814335423789764, 0.0, 0.0, 0.0, 1.4668250804374612, 0.0, 0.0, 0.0, 0.0, 1.2098787936638289, 1.4841999691838645, 0.0, 1.608811620759901, 1.4453741051736992, 0.0, 1.1090877699018566, 1.504390837914474, 1.5434906086111848, 0.0, 1.18113974533239, 1.5953001558237172, 0.0, 0.0, 0.0, 1.617848662109421, 0.0, 0.0, 0.0, 0.0, 1.3613682017821647, 0.0, 1.4683429602786768, 1.4231535874893306, 0.0, 1.3391041499643452, 1.6074188360225996, 0.0, 1.5054378203362992], [1.1811168036940425, 0.0, 0.0, 0.0, 0.0, 0.0, 0.0, 0.0, 1.4728074948006622, 0.0, 1.5782716145593143, 1.207980971932256, 0.0, 0.0, 1.521829523786884, 1.5746093988770637, 0.0, 1.3788230128418237, 1.0912646829462216, 0.0, 1.2899614005528712, 1.7784248600504329, 0.0, 0.0, 1.4870365482760564, 0.0, 1.350216523410324, 1.327181570593916, 0.0, 1.413793473436753, 1.2553435273961608, 0.0, 1.7839957648609004, 1.6028047172358288, 0.0, 1.8619287552363866, 1.2501244117723944, 1.3623928351653332, 1.2711104936802742, 1.4923631945029392, 0.0, 0.0, 1.4683429602786768, 0.0, 0.0, 0.0, 0.0, 0.0, 0.0, 1.444534513607325], [0.0, 1.2169407234753096, 0.0, 0.0, 1.7345358179906352, 1.6859720411630554, 0.0, 1.1180017725225606, 1.419367286772667, 0.0, 1.399835729105355, 0.0, 1.5888065494340897, 1.3298670571424034, 0.0, 0.0, 1.9156694666907434, 0.0, 1.478325147417022, 0.0, 1.1936936700554974, 1.4922948314394948, 1.2312995026739615, 0.0, 1.7467025877801217, 1.5346382573238597, 1.2689031966165354, 0.0, 1.5760648284806829, 0.0, 1.3743780280591442, 0.0, 1.6605157181871495, 1.2256553012823184, 1.409098177745267, 0.0, 0.0, 0.0, 1.1619068484183919, 1.4732684705880366, 0.0, 0.0, 1.4231535874893306, 0.0, 0.0, 0.0, 1.4559033299269588, 0.0, 1.7947038529686374, 1.164292432811442], [1.4311545016795841, 1.6352232214017661, 1.2538293364613826, 0.0, 1.260042421869137, 0.0, 1.4974130573962339, 0.0, 1.5039388725530376, 1.6119820435240158, 0.0, 0.0, 1.1929546593677571, 1.6775405897184408, 0.0, 0.0, 1.537159778577723, 0.0, 1.4059754497166097, 1.2340239513372486, 0.0, 0.0, 0.0, 0.0, 0.0, 1.4244407824479406, 0.0, 0.0, 0.0, 1.1885332206578114, 1.7360253892981423, 1.2584043660439725, 1.08187812651586, 0.0, 1.76890998896392, 1.7038891028285197, 0.0, 0.0, 1.5734308746654035, 1.4924068498717578, 0.0, 0.0, 0.0, 0.0, 0.0, 0.0, 1.309294307540987, 0.0, 0.0, 1.715040408424923], [1.3885509140600751, 0.0, 0.0, 0.0, 0.0, 1.1464832532408855, 0.0, 1.450302280400344, 0.0, 1.1255564810447147, 1.6121226746020922, 1.6247741831611326, 0.0, 0.0, 1.2113521131660836, 0.0, 1.51319918603894, 1.2543971270400887, 0.0, 0.0, 0.0, 0.0, 1.5046511978291968, 0.0, 0.0, 1.4395350982803194, 1.8811537150117135, 1.2001990921092704, 1.7115929878370753, 0.0, 1.2121858522994924, 1.0282157664514942, 0.0, 1.8888311139725449, 1.17225649631566, 1.7089455542966174, 0.0, 1.3420369964319847, 1.5003231530169825, 0.0, 1.5828916925101544, 1.4825056739570974, 1.3391041499643452, 0.0, 1.4559033299269588, 1.309294307540987, 0.0, 1.6952114095094344, 1.250872610958397, 0.0], [0.0, 1.3210353649785564, 0.0, 0.0, 0.0, 0.0, 0.0, 1.5970036797411895, 1.5024041463581663, 0.0, 1.6042924753750247, 0.0, 1.7726927255216078, 1.7767261796717222, 0.0, 0.0, 0.0, 0.0, 1.406222633844759, 1.7131082112721483, 0.0, 0.0, 0.0, 1.8210606102260414, 1.5093308625768151, 0.0, 1.4971609848655727, 1.2543875344856972, 1.6311169497532867, 1.2999512147781385, 0.0, 1.2477198839323043, 1.4182549023235362, 1.696210295384608, 1.3978082884705152, 1.3394085878260107, 0.0, 0.0, 1.8775109503963006, 0.0, 1.839270461612331, 0.0, 1.6074188360225996, 0.0, 0.0, 0.0, 1.6952114095094344, 0.0, 1.6082869278704972, 1.856175938843608], [0.0, 0.0, 1.4335175259679782, 1.5265343528451494, 1.5485799965960938, 1.4643470354916817, 1.671388849802708, 1.7381480875156405, 0.0, 0.0, 1.2309102301712687, 0.0, 1.5449295822279905, 1.7792151883501188, 1.422668424847683, 0.0, 1.7710762433226632, 1.4351332954368032, 0.0, 0.0, 1.2108629948409577, 0.0, 0.0, 0.0, 0.0, 0.0, 0.0, 0.0, 0.0, 1.097833455251963, 0.0, 0.0, 0.0, 0.0, 1.6781611172644555, 1.5212842861772826, 1.2415019854320253, 1.1644096012710898, 1.2256397795965883, 0.0, 0.0, 0.0, 0.0, 0.0, 1.7947038529686374, 0.0, 1.250872610958397, 1.6082869278704972, 0.0, 1.8523283354560884], [1.5308874740777982, 1.3305689029080277, 1.4357260649042611, 0.0, 1.6245473915225868, 1.5259136162150688, 0.0, 0.0, 1.3787200610296926, 0.0, 0.0, 0.0, 1.0353739854949928, 1.7412907076699073, 1.735612025130291, 1.4125107224132334, 0.0, 1.5328351181803983, 0.0, 1.5863309226904683, 1.4684727027636486, 1.5536795448678342, 1.4183540830151526, 0.0, 1.5266842578060065, 1.355257775440343, 1.6524524341661162, 0.0, 0.0, 1.8226422922884973, 0.0, 0.0, 1.1847634957431623, 0.0, 1.4345371684295183, 1.8653698372753977, 0.0, 1.6221693929251249, 1.5710287572246422, 1.5934442940101345, 0.0, 1.6493156298248683, 1.5054378203362992, 1.444534513607325, 1.164292432811442, 1.715040408424923, 0.0, 1.856175938843608, 1.8523283354560884, 0.0]], [[0.1, 0.1, 0.1, 0.1, 0.1, 0.1, 0.1, 0.1, 0.1, 0.1, 0.5, 0.5, 0.5, 0.5, 0.5, 0.5, 0.5, 0.5, 0.5, 0.5, 1, 1, 1, 1, 1, 1, 1, 1, 1, 1, 1.5, 1.5, 1.5, 1.5, 1.5, 1.5, 1.5, 1.5, 1.5, 1.5, 2, 2, 2, 2, 2, 2, 2, 2, 2, 2, 3, 3, 3, 3, 3, 3, 3, 3, 3, 3, 4, 4, 4, 4, 4, 4, 4, 4, 4, 4, 5, 5, 5, 5, 5, 5, 5, 5, 5, 5, 7.5, 7.5, 7.5, 7.5, 7.5, 7.5, 7.5, 7.5, 7.5, 7.5, 10, 10, 10, 10, 10, 10, 10, 10, 10, 10], [50.0, 25.0, 12.5, 6.25, 9.375, 10.9375, 11.71875, 11.328125, 11.1328125, 11.23046875, 50.0, 25.0, 37.5, 31.25, 28.125, 26.5625, 27.34375, 27.734375, 27.9296875, 28.02734375, 50.0, 25.0, 37.5, 31.25, 28.125, 29.6875, 28.90625, 29.296875, 29.4921875, 29.39453125, 50.0, 25.0, 37.5, 31.25, 28.125, 29.6875, 30.46875, 30.078125, 29.8828125, 29.78515625, 50.0, 25.0, 37.5, 31.25, 28.125, 29.6875, 30.46875, 30.078125, 29.8828125, 29.98046875, 50.0, 25.0, 37.5, 31.25, 28.125, 29.6875, 30.46875, 30.078125, 30.2734375, 30.17578125, 50.0, 25.0, 37.5, 31.25, 28.125, 29.6875, 30.46875, 30.078125, 30.2734375, 30.37109375, 50.0, 25.0, 37.5, 31.25, 28.125, 29.6875, 30.46875, 30.078125, 30.2734375, 30.37109375, 50.0, 25.0, 37.5, 31.25, 28.125, 29.6875, 30.46875, 30.859375, 30.6640625, 30.56640625, 50.0, 25.0, 37.5, 31.25, 28.125, 29.6875, 30.46875, 30.859375, 30.6640625, 30.76171875], [[49.04992687561449, 1701.7136977022835, 3657.5168288079894, 2122.9683068983495, 284.1042712359393, 123.74487077745411, 453.96304403277685, 3578.8529258043322, 814.9415975806601, 510.0826413974574, 4171.008704194324, 1268.6305972317691, 1305.6749416247137, 4908.219007690903, 438.93783056002945, 3052.9860371786444, 1454.4254763607933, 2874.1544071119333, 4827.048419469835, 2101.1181162555586, 4818.796640669067, 4454.557917706091, 3502.453815837575, 547.8501448521566, 4286.548291687435, 173.0634171521228, 4941.794806796617, 4406.708289577028, 4212.909423016102, 1790.29818719107, 1782.1586897135478, 2269.9961364140845, 3672.0258403172047, 276.30318939966816, 1259.0327336463424, 781.9415171492866, 2438.7688225634083, 2213.7360565531208, 4413.864671240933, 3434.8338963906617, 74.81278832720706, 2193.9574428305973, 4505.368280543588, 3292.4383591592473, 1393.165508950069, 3854.5415597038873, 3161.0725826339453, 3564.679524919213, 3977.9636483171053, 462.02507684122264], [341.60269087005645, 635.0830053368989, 1967.2428679721997, 4678.300907109919, 2278.721933371718, 4826.92000276026, 2065.6705061902453, 4778.059146414023, 2669.568330247028, 407.7373594403333, 1666.6077663477768, 1968.60979303011, 2514.891087161162, 3268.480053103468, 839.2373341640657, 4501.6886616149395, 1963.8422395138516, 1812.7528377550584, 1196.4511788227783, 946.5427776271134, 1765.5678865548873, 2047.2193717182918, 2892.789301190473, 3695.4100720880915, 4398.201091500082, 3345.044628133427, 3812.742525729084, 3873.8704281639, 3944.281352818185, 2813.2928954862496, 2518.6660069992768, 3120.493272530375, 1429.9455537034285, 3998.3696393235396, 3770.5559666505796, 1603.0192648139414, 1289.486313606442, 91.96895706690967, 2403.660197946007, 3331.4512058694263, 3305.346094524099, 1946.9974398263369, 1321.0909766388784, 1823.9886688586266, 3878.0539420699397, 1544.7707357604156, 4999.971350626337, 604.1956829771894, 1177.695727897458, 2278.16140372578], [166.2838422275087, 104.75445986430965, 3560.0225398315115, 2022.3348228334094, 4527.437359068579, 3811.8926285992443, 768.7200459432147, 1914.208123425315, 2286.1007838236687, 4659.519108835109, 3523.840669309384, 4439.02871220426, 201.5039674657404, 2034.3923461205115, 1354.2583965443055, 875.1804981401467, 1261.8788695160476, 2127.8813635606684, 1487.8906465014268, 3664.191239383688, 331.5318448867305, 2305.222430924635, 4407.709767581033, 3733.10366409286, 2019.5385439168895, 2051.4360544277192, 3718.5136075376545, 2891.570948538395, 2820.067888615379, 4333.568526024985, 1871.214173173194, 3532.4950174487903, 1466.6707307917447, 4759.583056006715, 4539.30567883222, 1166.3070105794898, 2094.5661698690037, 3081.6038624971898, 3327.0287726751567, 690.5128442971237, 2228.4353894092446, 582.2713458610923, 2638.1611836141806, 4173.041657908738, 2029.064323833387, 1078.582381214922, 2621.3208038361618, 4494.398444610392, 2081.900250916282, 4326.001646106268], [1733.2511487944125, 4873.794997136111, 3860.5281758559736, 1325.9614219893983, 549.8701358109187, 3452.210812240995, 2771.5371235326566, 1299.2380237967138, 1365.601748024165, 1887.885535498161, 4422.329659380705, 3808.108169025468, 4218.654381008534, 668.2348028251839, 3225.9616409011214, 952.6915130871744, 4597.196045624558, 2389.765437085778, 3930.440735931152, 2112.7395367386766, 1603.8695807264908, 3442.845939825685, 2694.926414067524, 915.9868034298336, 2002.9340285775947, 3867.687587528369, 509.0357014536751, 1343.5252984869744, 3294.4624888921294, 1007.2353040439092, 801.8276228093235, 1163.4908928380817, 187.41589425364856, 2717.065780127954, 2265.283905445759, 2558.3791007564564, 4607.90947157561, 2385.0078291224477, 2884.2481575835586, 171.14712108091345, 2596.92962482443, 4756.067228537842, 186.6020970560195, 40.735357794874915, 2044.4059909049977, 833.543420375264, 3491.5277499338385, 4058.1981274487093, 3657.6050974013124, 629.1678212868457], [662.0946350263746, 2054.297629153791, 2211.088744801307, 1057.8006849136868, 4027.1704336001194, 2807.51354587377, 2468.1602444560012, 252.06026917692805, 3254.3978647426106, 1480.6462589370562, 221.27684051414855, 4743.743717924221, 4009.452184239825, 671.881707174416, 4177.67970406523, 834.6902832389941, 879.9159999159245, 3964.9077006164853, 781.7672596675845, 904.321592135921, 885.235083510676, 2549.3206192372563, 4967.13522072668, 3053.190251588871, 1819.3814901922483, 3035.525249793219, 783.3283514116735, 4515.868183115992, 763.2286257342247, 4973.318878009676, 1044.505321406592, 1789.0318681176732, 2812.489829375451, 2049.919867149521, 2004.0177445952768, 1896.9255906712606, 2339.814429517258, 1505.7801266248755, 3094.604511447621, 4381.310410088208, 373.27756417792403, 2271.9764640584435, 1015.8622922705334, 4909.386942260106, 2192.0475557622503, 4713.30737427602, 2542.481479625008, 2147.6894535067254, 1081.8106843947317, 4015.3813281451135], [2698.634067936025, 1165.9335393163328, 1975.310163891988, 790.8068553323943, 4248.57914358214, 759.7139102441797, 1825.97823269472, 1650.755095068766, 2199.3780499677932, 2429.2490244040223, 2548.432384091927, 556.5410525815162, 1447.3179029377181, 3147.0164119155816, 1139.2588052624665, 1765.6607225174125, 3750.7035007163336, 4159.3852565024345, 1661.220335643438, 1610.9118687586642, 1136.7001897888313, 744.4125243325783, 1432.8337169212152, 1073.4678400575403, 4539.564986447035, 2908.6733340112246, 880.2631189809296, 3039.4907583959885, 444.7965180929625, 3383.7880731220416, 12.286992861490486, 3226.3741148580084, 4775.852987548404, 4404.229176827905, 4541.389338658185, 2393.4008898460143, 1360.878513241292, 1960.5319777730456, 710.5860451155866, 3549.0221495142655, 287.1661137632797, 2088.5831159873924, 2827.131993394021, 2425.6487294967105, 2480.1797658313135, 1005.9145037616668, 1345.6543847935525, 1849.4211658353704, 644.0358297456272, 4861.968037007555], [3343.638338524419, 2245.9471651083095, 4557.154919004298, 3425.197155300639, 3017.289124209073, 4976.019844508891, 4613.445481770881, 1991.5041196691036, 2509.3561935799826, 2346.5897044804406, 4403.186691648534, 4918.064091839158, 3363.9566426835195, 1148.1064624111648, 766.7027507852903, 4644.268579697794, 2811.38996297421, 3043.0752292995608, 2459.3971727530184, 3431.7633462169765, 77.00212582877674, 521.0546410442835, 3154.764276413606, 844.6562066743479, 2140.493996547827, 3516.6423221685245, 1959.0360966018611, 517.3260870236978, 3773.013495116522, 2146.6430740138076, 4871.4556638934655, 4557.544821730049, 2147.4316758689542, 176.70502925324794, 4151.629657595, 1163.5628981025686, 3428.654945743718, 2917.0296346027685, 3827.8616505395553, 3399.960758173929, 4414.750822222201, 2304.914466839851, 4087.4464403061015, 3421.7118339102913, 2776.2919240495703, 3765.587368712882, 3652.1013248318695, 2015.6548627630073, 2133.363724341739, 4384.332645744832], [10.590375278800579, 477.8888109665252, 164.2424541849574, 2742.747557828035, 3263.50604649803, 187.65247669878303, 39.769263270519886, 3449.703336313928, 3493.5105767636833, 1953.970322890457, 4462.402465550569, 1508.4753914357746, 1119.1430050105728, 739.1439964487439, 3479.5396871607554, 3482.237832259732, 2110.9894203504896, 4267.272818863573, 4169.1206419695945, 896.941095623911, 4069.2364816732106, 1492.3896945031074, 4445.8159278271205, 2651.884661114117, 1