[[[0.0, 3.4893147632419756, 4.338842441686763, 3.352864315337021, 5.530148479068354, 4.386554488066592, 4.523987915197468, 5.4184090618761775, 1.9208265649508383, 0.0, 2.7209376517340376, 0.0, 4.187299973316064, 4.974155522878011, 3.7403712555757287, 4.4077581401572345, 4.378509530073655, 3.195355196784, 0.0, 2.407775654298022, 4.298583122902959, 4.611793223818858, 5.155768669010886, 4.006140615223602, 3.698461640732445, 2.221544530053597, 2.9153344359349505, 3.1304033442944696, 2.8767342707072903, 0.0], [3.4893147632419756, 0.0, 3.857399196336612, 4.798893906629468, 3.2183521271751205, 2.9399974282886743, 2.049715331402882, 2.9809699309742905, 2.623504288538661, 2.3695631143119495, 5.344201024505912, 4.195804817957103, 4.2730232748885175, 0.0, 4.220280366090856, 0.0, 2.246638020123428, 3.8901913421586825, 3.327512554181016, 3.701771755775103, 0.0, 3.5704277856300664, 5.463965751783484, 4.843384584906867, 4.145219602444344, 3.6596149573352053, 3.8976054895447843, 3.151311772037591, 2.898002860535451, 5.215973523180553], [4.338842441686763, 3.857399196336612, 0.0, 0.0, 2.0251798459346704, 0.0, 3.051243778481526, 3.6595407474165516, 3.484574598137657, 3.531227323417768, 2.7837726130011884, 2.1712052005193465, 4.225022535388061, 2.1358766156573274, 3.525577185687938, 3.8172034165158446, 2.135156025646064, 0.0, 2.6579481187170817, 0.0, 3.155755401688448, 4.249888913851632, 2.6798937608869355, 2.6697043575210295, 4.66355507482074, 4.267061586597666, 4.569924951510018, 4.697452282613342, 3.2447709461496417, 4.477407076958268], [3.352864315337021, 4.798893906629468, 0.0, 0.0, 0.0, 3.442220775458946, 1.9360386826919338, 2.095221343275507, 0.0, 2.029533736019272, 3.293319056451989, 3.397682016036576, 4.082245872998951, 3.8649818760625623, 0.0, 2.2735411554526506, 0.0, 2.4917817765403822, 3.168197430110269, 3.7268770470906762, 3.59785874735833, 2.3044105176093383, 2.0074803622727315, 3.3547561509076442, 4.446458124089155, 3.151478483359125, 1.8823106271453702, 3.7519683383801414, 3.9360561371828373, 4.597315663917212], [5.530148479068354, 3.2183521271751205, 2.0251798459346704, 0.0, 0.0, 0.0, 5.070019155332394, 4.303863707988608, 3.3802922163928875, 2.2604984337401355, 1.8931277479627093, 2.9437036798116374, 4.3037789075186295, 3.6688544099514226, 0.0, 3.4709130352874498, 3.9592572329134064, 4.709449053713092, 5.543508188200544, 2.429280162538412, 3.6655592098933396, 4.2468975258170545, 0.0, 2.7974287488087572, 3.9818273510064484, 2.9655520777522026, 1.697949260171601, 3.140401941435524, 5.125581258755991, 3.6848395745005393], [4.386554488066592, 2.9399974282886743, 0.0, 3.442220775458946, 0.0, 0.0, 3.558511027883659, 4.789171527675018, 0.0, 0.0, 2.2409754261634904, 1.6929000593663552, 2.144743184247244, 2.630839577746693, 2.425549248311534, 3.655399327213318, 4.988446366869434, 0.0, 3.844800596838816, 3.23985476097032, 1.9751766741164736, 3.4976847875136166, 4.509744889439409, 3.55874119550759, 4.6721602553229955, 4.314188564714322, 1.7295314802324837, 3.4677430351797596, 0.0, 4.138490877582422], [4.523987915197468, 2.049715331402882, 3.051243778481526, 1.9360386826919338, 5.070019155332394, 3.558511027883659, 0.0, 2.750448364335589, 2.130078545143041, 3.915496925691958, 1.859654908565762, 2.7556991343087662, 3.0026215956832765, 4.307152736245862, 2.845485346332434, 5.141089284778784, 3.21280358744774, 2.713526542368975, 2.1813471744820205, 3.395492515149928, 3.1675962482170226, 0.0, 2.5857349235152176, 3.794227142050303, 0.0, 2.61369698620089, 4.294468630140954, 1.537479732538399, 0.0, 2.8539872588254274], [5.4184090618761775, 2.9809699309742905, 3.6595407474165516, 2.095221343275507, 4.303863707988608, 4.789171527675018, 2.750448364335589, 0.0, 0.0, 4.677740297901109, 5.456673804285526, 3.162430633205993, 5.519552129031066, 4.6476349900111975, 3.6300587249903367, 2.203300924539149, 2.8089956967344962, 3.001371122033121, 3.1417536377526254, 3.134487224124766, 2.681165622311785, 1.9394811995080976, 3.9981953308508613, 5.6550832483460365, 3.383510438654237, 3.328849805462753, 0.0, 2.6979455522321123, 2.3753793369614677, 4.391225124474851], [1.9208265649508383, 2.623504288538661, 3.484574598137657, 0.0, 3.3802922163928875, 0.0, 2.130078545143041, 0.0, 0.0, 2.9714373244177565, 3.8492556929067008, 3.4279421991103565, 0.0, 3.967755196707018, 3.688421189710686, 3.775790216814915, 3.903193686474024, 0.0, 4.6468101700623325, 4.848078305747562, 4.464030053279768, 3.3823932600170443, 0.0, 2.1402609046633767, 3.827041348782936, 4.991082925502097, 5.321745536965273, 3.1686421086888483, 0.0, 2.89765358688431], [0.0, 2.3695631143119495, 3.531227323417768, 2.029533736019272, 2.2604984337401355, 0.0, 3.915496925691958, 4.677740297901109, 2.9714373244177565, 0.0, 1.6893463642635553, 3.955614705453598, 4.140756120757198, 3.0046217027191533, 3.0020870594643725, 4.196909136660838, 3.6506768477784526, 3.248419016966245, 5.295734458424297, 0.0, 3.5054678301791857, 3.142837410977009, 5.552781208133929, 4.508379998981436, 2.8764117959460687, 2.184109037898966, 0.0, 2.2019430466348715, 4.69913752200582, 4.906902732546472], [2.7209376517340376, 5.344201024505912, 2.7837726130011884, 3.293319056451989, 1.8931277479627093, 2.2409754261634904, 1.859654908565762, 5.456673804285526, 3.8492556929067008, 1.6893463642635553, 0.0, 1.5570983072185944, 1.917140026293683, 3.899966133325551, 1.6935537300558374, 2.9066712515173987, 2.937171709571839, 3.308917907118871, 3.926890610770977, 4.549582250684634, 3.5095220015808604, 3.0374998378663993, 3.999817591530976, 4.258957401523372, 3.129125108093687, 5.350460136100044, 4.768122045731869, 0.0, 2.7821855303635292, 2.702770179005823], [0.0, 4.195804817957103, 2.1712052005193465, 3.397682016036576, 2.9437036798116374, 1.6929000593663552, 2.7556991343087662, 3.162430633205993, 3.4279421991103565, 3.955614705453598, 1.5570983072185944, 0.0, 2.47605843277005, 4.76834942374261, 3.391097055061671, 1.702904522228958, 2.7374603697656275, 0.0, 2.288617856574615, 0.0, 1.7572843486277103, 2.6314816879469083, 3.036846754517007, 1.6101475334771895, 4.655501394916529, 3.036973736301901, 3.4812023781672625, 3.402369567501059, 3.4454824162657376, 0.0], [4.187299973316064, 4.2730232748885175, 4.225022535388061, 4.082245872998951, 4.3037789075186295, 2.144743184247244, 3.0026215956832765, 5.519552129031066, 0.0, 4.140756120757198, 1.917140026293683, 2.47605843277005, 0.0, 4.78109384472652, 3.1490312726406122, 4.576882880017493, 2.0845174640095356, 3.8976143315662974, 2.74070718924303, 3.3601919031755605, 3.2426453094604075, 4.516564629114638, 4.030600096824111, 3.14131857014208, 3.0828668617300314, 0.0, 3.799111294325831, 3.6977312416330648, 3.355680393811273, 2.2179094209565537], [4.974155522878011, 0.0, 2.1358766156573274, 3.8649818760625623, 3.6688544099514226, 2.630839577746693, 4.307152736245862, 4.6476349900111975, 3.967755196707018, 3.0046217027191533, 3.899966133325551, 4.76834942374261, 4.78109384472652, 0.0, 3.300623227691588, 0.0, 1.0619119322759254, 3.4804867829020942, 2.1632831026721755, 0.0, 3.3688349508272175, 3.509502037271395, 2.75212135247085, 0.0, 0.0, 4.56812886657818, 3.0777612006034714, 5.4175068611884125, 3.1810843322756686, 0.0], [3.7403712555757287, 4.220280366090856, 3.525577185687938, 0.0, 0.0, 2.425549248311534, 2.845485346332434, 3.6300587249903367, 3.688421189710686, 3.0020870594643725, 1.6935537300558374, 3.391097055061671, 3.1490312726406122, 3.300623227691588, 0.0, 4.724326347615754, 3.9242315163623687, 3.2020279402605785, 2.6764640542671843, 4.555864495208391, 4.360926263836292, 0.0, 1.7813985511262853, 3.745182874151294, 3.955048328430994, 5.728691417027193, 4.643807527024529, 5.454570071449743, 0.0, 2.6210860522179784], [4.4077581401572345, 0.0, 3.8172034165158446, 2.2735411554526506, 3.4709130352874498, 3.655399327213318, 5.141089284778784, 2.203300924539149, 3.775790216814915, 4.196909136660838, 2.9066712515173987, 1.702904522228958, 4.576882880017493, 0.0, 4.724326347615754, 0.0, 2.0506242108477784, 1.9524318494332586, 0.0, 3.5983269897981627, 2.0965330072759545, 4.285541383715608, 4.544909170841255, 4.182829979360204, 0.0, 0.0, 2.4213235856663142, 3.868724603080943, 5.184233709571227, 2.657629871118724], [4.378509530073655, 2.246638020123428, 2.135156025646064, 0.0, 3.9592572329134064, 4.988446366869434, 3.21280358744774, 2.8089956967344962, 3.903193686474024, 3.6506768477784526, 2.937171709571839, 2.7374603697656275, 2.0845174640095356, 1.0619119322759254, 3.9242315163623687, 2.0506242108477784, 0.0, 3.470623748651348, 2.123767943818429, 2.2831853179076393, 4.6595066708830295, 3.0507326108808885, 2.8260624622701767, 3.9464758470262984, 5.1651643602084025, 2.427570095272897, 2.0459706382681837, 0.0, 2.800613804862743, 3.3022740151251644], [3.195355196784, 3.8901913421586825, 0.0, 2.4917817765403822, 4.709449053713092, 0.0, 2.713526542368975, 3.001371122033121, 0.0, 3.248419016966245, 3.308917907118871, 0.0, 3.8976143315662974, 3.4804867829020942, 3.2020279402605785, 1.9524318494332586, 3.470623748651348, 0.0, 0.0, 2.802822904466331, 5.036627400009872, 3.62333723527505, 3.404324192614946, 0.0, 2.9116359330875436, 2.61436674575829, 2.5443274851142137, 3.9220960833758824, 0.0, 4.499392153828607], [0.0, 3.327512554181016, 2.6579481187170817, 3.168197430110269, 5.543508188200544, 3.844800596838816, 2.1813471744820205, 3.1417536377526254, 4.6468101700623325, 5.295734458424297, 3.926890610770977, 2.288617856574615, 2.74070718924303, 2.1632831026721755, 2.6764640542671843, 0.0, 2.123767943818429, 0.0, 0.0, 4.045847514882252, 0.0, 3.7004344100024875, 2.0677127303754146, 3.246935751021688, 3.0515974071456933, 4.452983776498981, 2.87134734748094, 3.504930282040747, 2.7647918029810272, 2.437188958886933], [2.407775654298022, 3.701771755775103, 0.0, 3.7268770470906762, 2.429280162538412, 3.23985476097032, 3.395492515149928, 3.134487224124766, 4.848078305747562, 0.0, 4.549582250684634, 0.0, 3.3601919031755605, 0.0, 4.555864495208391, 3.5983269897981627, 2.2831853179076393, 2.802822904466331, 4.045847514882252, 0.0, 3.8304662222911796, 0.0, 3.092356280107933, 3.2934868395019667, 0.0, 4.641152266274443, 4.541182844087304, 4.592576236867181, 3.196917301796728, 4.792282358766998], [4.298583122902959, 0.0, 3.155755401688448, 3.59785874735833, 3.6655592098933396, 1.9751766741164736, 3.1675962482170226, 2.681165622311785, 4.464030053279768, 3.5054678301791857, 3.5095220015808604, 1.7572843486277103, 3.2426453094604075, 3.3688349508272175, 4.360926263836292, 2.0965330072759545, 4.6595066708830295, 5.036627400009872, 0.0, 3.8304662222911796, 0.0, 1.7937989246092587, 4.7528848030041875, 3.4644122038806007, 3.9361006662024054, 5.114371161117278, 4.529618011830867, 2.61846879030234, 5.248423531330333, 3.9964598381800247], [4.611793223818858, 3.5704277856300664, 4.249888913851632, 2.3044105176093383, 4.2468975258170545, 3.4976847875136166, 0.0, 1.9394811995080976, 3.3823932600170443, 3.142837410977009, 3.0374998378663993, 2.6314816879469083, 4.516564629114638, 3.509502037271395, 0.0, 4.285541383715608, 3.0507326108808885, 3.62333723527505, 3.7004344100024875, 0.0, 1.7937989246092587, 0.0, 4.45312970323668, 3.063658564880526, 4.909528660236309, 0.0, 5.506480466440011, 2.618629370200333, 4.899372227141026, 1.6904605108423947], [5.155768669010886, 5.463965751783484, 2.6798937608869355, 2.0074803622727315, 0.0, 4.509744889439409, 2.5857349235152176, 3.9981953308508613, 0.0, 5.552781208133929, 3.999817591530976, 3.036846754517007, 4.030600096824111, 2.75212135247085, 1.7813985511262853, 4.544909170841255, 2.8260624622701767, 3.404324192614946, 2.0677127303754146, 3.092356280107933, 4.7528848030041875, 4.45312970323668, 0.0, 4.964597263005761, 3.415664857626436, 3.9595027009741663, 3.9550913792903186, 3.882091720056005, 2.294464946958517, 3.714074461830569], [4.006140615223602, 4.843384584906867, 2.6697043575210295, 3.3547561509076442, 2.7974287488087572, 3.55874119550759, 3.794227142050303, 5.6550832483460365, 2.1402609046633767, 4.508379998981436, 4.258957401523372, 1.6101475334771895, 3.14131857014208, 0.0, 3.745182874151294, 4.182829979360204, 3.9464758470262984, 0.0, 3.246935751021688, 3.2934868395019667, 3.4644122038806007, 3.063658564880526, 4.964597263005761, 0.0, 3.703906729053129, 2.1812824542706357, 3.500990967014927, 3.193428451863686, 5.353099180160261, 3.525788636484458], [3.698461640732445, 4.145219602444344, 4.66355507482074, 4.446458124089155, 3.9818273510064484, 4.6721602553229955, 0.0, 3.383510438654237, 3.827041348782936, 2.8764117959460687, 3.129125108093687, 4.655501394916529, 3.0828668617300314, 0.0, 3.955048328430994, 0.0, 5.1651643602084025, 2.9116359330875436, 3.0515974071456933, 0.0, 3.9361006662024054, 4.909528660236309, 3.415664857626436, 3.703906729053129, 0.0, 2.890386942626807, 1.7478893233775574, 4.783568735783172, 3.7257532285720094, 3.0692814704543148], [2.221544530053597, 3.6596149573352053, 4.267061586597666, 3.151478483359125, 2.9655520777522026, 4.314188564714322, 2.61369698620089, 3.328849805462753, 4.991082925502097, 2.184109037898966, 5.350460136100044, 3.036973736301901, 0.0, 4.56812886657818, 5.728691417027193, 0.0, 2.427570095272897, 2.61436674575829, 4.452983776498981, 4.641152266274443, 5.114371161117278, 0.0, 3.9595027009741663, 2.1812824542706357, 2.890386942626807, 0.0, 2.72687136262383, 3.9023753434557467, 2.349709904301621, 3.3473916596867213], [2.9153344359349505, 3.8976054895447843, 4.569924951510018, 1.8823106271453702, 1.697949260171601, 1.7295314802324837, 4.294468630140954, 0.0, 5.321745536965273, 0.0, 4.768122045731869, 3.4812023781672625, 3.799111294325831, 3.0777612006034714, 4.643807527024529, 2.4213235856663142, 2.0459706382681837, 2.5443274851142137, 2.87134734748094, 4.541182844087304, 4.529618011830867, 5.506480466440011, 3.9550913792903186, 3.500990967014927, 1.7478893233775574, 2.72687136262383, 0.0, 4.632738862478239, 0.0, 0.0], [3.1304033442944696, 3.151311772037591, 4.697452282613342, 3.7519683383801414, 3.140401941435524, 3.4677430351797596, 1.537479732538399, 2.6979455522321123, 3.1686421086888483, 2.2019430466348715, 0.0, 3.402369567501059, 3.6977312416330648, 5.4175068611884125, 5.454570071449743, 3.868724603080943, 0.0, 3.9220960833758824, 3.504930282040747, 4.592576236867181, 2.61846879030234, 2.618629370200333, 3.882091720056005, 3.193428451863686, 4.783568735783172, 3.9023753434557467, 4.632738862478239, 0.0, 2.786452978165472, 3.525766790997676], [2.8767342707072903, 2.898002860535451, 3.2447709461496417, 3.9360561371828373, 5.125581258755991, 0.0, 0.0, 2.3753793369614677, 0.0, 4.69913752200582, 2.7821855303635292, 3.4454824162657376, 3.355680393811273, 3.1810843322756686, 0.0, 5.184233709571227, 2.800613804862743, 0.0, 2.7647918029810272, 3.196917301796728, 5.248423531330333, 4.899372227141026, 2.294464946958517, 5.353099180160261, 3.7257532285720094, 2.349709904301621, 0.0, 2.786452978165472, 0.0, 2.901294212432705], [0.0, 5.215973523180553, 4.477407076958268, 4.597315663917212, 3.6848395745005393, 4.138490877582422, 2.8539872588254274, 4.391225124474851, 2.89765358688431, 4.906902732546472, 2.702770179005823, 0.0, 2.2179094209565537, 0.0, 2.6210860522179784, 2.657629871118724, 3.3022740151251644, 4.499392153828607, 2.437188958886933, 4.792282358766998, 3.9964598381800247, 1.6904605108423947, 3.714074461830569, 3.525788636484458, 3.0692814704543148, 3.3473916596867213, 0.0, 3.525766790997676, 2.901294212432705, 0.0]], [[0.1, 0.1, 0.1, 0.1, 0.1, 0.1, 0.1, 0.1, 0.1, 0.1, 0.5, 0.5, 0.5, 0.5, 0.5, 0.5, 0.5, 0.5, 0.5, 0.5, 1, 1, 1, 1, 1, 1, 1, 1, 1, 1, 1.5, 1.5, 1.5, 1.5, 1.5, 1.5, 1.5, 1.5, 1.5, 1.5, 2, 2, 2, 2, 2, 2, 2, 2, 2, 2, 3, 3, 3, 3, 3, 3, 3, 3, 3, 3, 4, 4, 4, 4, 4, 4, 4, 4, 4, 4, 5, 5, 5, 5, 5, 5, 5, 5, 5, 5, 7.5, 7.5, 7.5, 7.5, 7.5, 7.5, 7.5, 7.5, 7.5, 7.5, 10, 10, 10, 10, 10, 10, 10, 10, 10, 10], [50.0, 75.0, 62.5, 56.25, 59.375, 57.8125, 57.03125, 56.640625, 56.8359375, 56.73828125, 50.0, 75.0, 62.5, 68.75, 71.875, 70.3125, 71.09375, 71.484375, 71.6796875, 71.58203125, 50.0, 75.0, 62.5, 68.75, 71.875, 73.4375, 72.65625, 73.046875, 72.8515625, 72.94921875, 50.0, 75.0, 62.5, 68.75, 71.875, 73.4375, 72.65625, 73.046875, 73.2421875, 73.14453125, 50.0, 75.0, 62.5, 68.75, 71.875, 73.4375, 72.65625, 73.046875, 73.2421875, 73.33984375, 50.0, 75.0, 62.5, 68.75, 71.875, 73.4375, 74.21875, 73.828125, 73.6328125, 73.53515625, 50.0, 75.0, 62.5, 68.75, 71.875, 73.4375, 74.21875, 73.828125, 73.6328125, 73.53515625, 50.0, 75.0, 62.5, 68.75, 71.875, 73.4375, 74.21875, 73.828125, 73.6328125, 73.73046875, 50.0, 75.0, 62.5, 68.75, 71.875, 73.4375, 74.21875, 73.828125, 73.6328125, 73.73046875, 50.0, 75.0, 62.5, 68.75, 71.875, 73.4375, 74.21875, 73.828125, 73.6328125, 73.73046875], [[2390.2113460155797, 1196.0165348235125, 2992.3252459208416, 2348.424084904151, 46.25494272970143, 2808.7812416309134, 2863.161147507461, 2673.3868581720776, 1661.4309999522434, 2244.3051954372595, 1609.5257875963323, 1176.218595753176, 2580.218909082424, 2151.902314556688, 1443.70490444506, 542.7684442636562, 2909.948797842977, 915.9245851757506, 1719.1232415260263, 2176.714365407489, 2728.0696217292475, 1728.3370378142488, 82.85271226920443, 133.83073924165268, 2986.533836728387, 2834.0726066317957, 2955.2801482333043, 1682.2801717241443, 1216.2609636662157, 1046.4300123846629], [2095.267943192702, 1024.2250277592914, 914.8173121732718, 87.41525050150534, 393.75979179818023, 409.0198328484651, 1764.685047722015, 992.9811222162693, 351.77360469079923, 2750.0461113207266, 2271.089155444027, 848.0255622302793, 1873.0501744907488, 1564.7378699204414, 672.3648147252345, 1698.6808329220603, 2159.381661942355, 2620.4158150870503, 677.8684097211748, 368.9647272825371, 760.6495494083382, 1170.9718831767195, 1513.3212930006366, 2080.3944562314264, 2233.3862066560805, 919.999105032309, 2254.488887047946, 1239.4974388749138, 2946.0598912592304, 895.9687666483006], [771.2627361364351, 1619.4935373686665, 1625.7265573731956, 48.949213466364384, 2097.2161015326874, 2501.8962435212584, 2673.7273265334056, 816.7808125913724, 1205.2791525024109, 643.731078518565, 1087.2677961973502, 283.211086248861, 342.5807905627084, 1863.553815285284, 972.0835148361145, 9.653654115587717, 813.6657498082619, 1748.1621583206638, 879.7023798539742, 157.3541677246947, 2654.336362256866, 296.1681167589424, 2027.019844282756, 1804.4047930973838, 896.142597274433, 1969.7909145753076, 528.3193349232132, 678.8669591401464, 1349.8222439507892, 1957.2085893308165], [2230.721715726788, 544.6322822483012, 940.5985800835492, 501.1277521663551, 580.3516999487767, 945.3077065743875, 2649.9635119852783, 2712.5124860827923, 47.29280940593694, 2240.767834637551, 1475.7849617257502, 343.95422578575375, 2992.0054503111473, 304.26817524067064, 883.043072925916, 2877.075780805627, 1412.9995732431044, 1020.8527900480451, 54.06316092939867, 2006.6339860198852, 1767.8139894371816, 2579.011298525334, 160.9868161699446, 1986.76913951809, 1946.2472120559992, 2618.6854482482245, 327.8714217064386, 1763.8532605296678, 1923.6377132534947, 2983.017413199592], [2271.0557778128637, 2117.34477353446, 2001.029064357253, 1864.5755914055621, 2380.44778580126, 583.323558821062, 1617.8098571899743, 510.6481079104064, 755.5699979322479, 233.89300859035367, 2861.237427164912, 2011.1854822351706, 2767.0995912530475, 2753.5208239876283, 2969.9009635583893, 2077.583640027781, 2409.888921433725, 2729.381014006456, 1653.5744278942234, 1745.9464037125028, 1177.8540457219842, 404.766482460705, 316.5045195312477, 1817.5953451517212, 1939.9650033974733, 1173.667463870016, 1490.7593767111562, 2176.320444741764, 2440.965450187249, 2147.6848636389223], [2089.0802622149863, 2825.554207096185, 1713.3669206672657, 1826.185166305666, 851.9095957681345, 1940.0799131982658, 1281.4865162233968, 1551.4682082130812, 1922.0513270514232, 2882.912862045442, 774.4146082767453, 2481.382102714393, 1181.7866822351318, 2724.732245564803, 947.7851781353306, 2335.248934222572, 26.438015961885885, 351.43145967137224, 1705.7393778889443, 1350.5277787283458, 1525.9931208513317, 916.4527874244869, 325.6107380771173, 274.6875910712755, 2322.476738553144, 1839.6393760845585, 1636.2609345802878, 1827.9303843861717, 929.7817644469706, 2544.591453550352], [2543.92009112952, 1095.5775005106234, 1414.90990481576, 1448.2246055963087, 1974.731552019934, 2456.1894827477804, 2909.7186501823794, 583.5905986698733, 1319.3225127814724, 1203.5121971949736, 2747.639025771775, 1840.040352607398, 603.6185110618661, 2589.1290473588288, 2323.588375570829, 494.0800720538, 554.2616346618538, 1600.4618393203293, 1912.4285865171676, 725.1035862255077, 2698.682105324, 1502.5990163483339, 2345.5859975907656, 2155.7729326534004, 1911.4391888518023, 1259.0706444994612, 6.946495824213694, 2405.8233679663313, 1884.0545452308907, 263.38671845759575], [1230.4667603308135, 2317.3927406734, 390.2475212581955, 198.2599946982785, 1093.7312929083757, 523.6832520705483, 717.3972512682444, 2510.5796052064748, 434.94903190350107, 2295.9862403587404, 2140.1420403602647, 1417.304873230848, 2262.467109337568, 59.406118057729216, 386.87760631438215, 862.0045663541215, 1934.0552194148074, 1600.3518261197617, 1641.935635309576, 1825.8419028026917, 168.27457442491644, 1266.725598730539, 2995.4209185009054, 1079.5805339405915, 858.1480606130907, 1489.0820418538221, 1517.0042617696374, 1397.5359152859442, 2447.7148073570015, 2910.6598055907016], [1419.2569130646586, 285.9177216384089, 2103.60479866682, 994.1428337349773, 1261.5236319406906, 2416.8040428688023, 878.1539901501698, 1162.4981415605596, 2969.4249116812794, 820.006497080375, 2942.087590993906, 2860.552417809294, 551.887101128764, 250.77980065520723, 1025.167823939527, 280.77349378481665, 2647.5191343294746, 2262.238063886443, 1090.872376485957, 1021.3889286816241, 2579.116589125527, 1641.64131601855, 1780.1387340873516, 1331.4584650898403, 869.9796374966327, 615.3323505015464, 2812.4859215379074, 1939.3766589528896, 1471.8477160271177, 2341.7330406333444], [1893.6821273018704, 2865.4974712524245, 1932.128579285454, 2106.1214568526034, 737.9104611204176, 392.3581587303101, 279.8474079104122, 1706.2264452517923, 1978.6854836973416, 420.2036287455967, 2346.3150180094776, 1475.7856108708615, 1028.546192965489, 739.9525088492188, 1549.197644804528, 2016.0509513269176, 1239.000782805682, 621.568139451622, 1968.761423664106, 2801.702657935873, 1195.731147007029, 1264.0966707549014, 2806.4887851295844, 1019.460943391406, 2998.628891024653, 1996.752847490935, 810.7146658693613, 2570.444816843429, 71.2935409450599, 918.1476067806135], [2057.9450076589237, 349.68727408583567, 871.0866467789298, 2372.130072045591, 1986.7370166491423, 1002.7939527622223, 770.906759815671, 594.3263712856703, 1343.532824043124, 2964.7030682402883, 1981.9547249602783, 2675.035078538558, 522.0295991924881, 1993.1773889212989, 31.273081093093346, 172.21060932070299, 2414.416581337767, 2358.713318630759, 2448.3709052081413, 1486.7061023065464, 1014.115093947593, 1281.167899487074, 2518.2121338333914, 341.94714869807177, 695.9212515041754, 1716.2322220254393, 1938.4006650170963, 295.7197136620069, 1946.142323733457, 36.19221391807914], [2988.2960852812867, 587.1005576087695, 270.27599292199466, 2187.5191584979157, 936.9804019297391, 1973.2211622343134, 523.7640172110805, 1314.638891360533, 1264.0457812750606, 1641.574536526934, 954.144119244379, 2501.8054017528557, 2784.5192762804018, 1322.0998055103155, 1141.4091567500534, 2936.446857606227, 2564.9862941905235, 998.6046068333477, 516.1350111948001, 337.39041139743284, 2112.8948577654533, 1334.140719993886, 683.9133595675985, 1009.0261606842623, 840.5251657929639, 350.07469058393445, 205.98098723954993, 2769.9595693930714, 273.89821978113747, 1470.4787633092703], [271.4200839949802, 2409.109762868984, 353.4562193543979, 1338.9785199587018, 2551.8488754033388, 2961.244875623035, 1215.3042283107623, 430.93174903341315, 893.3840926093415, 1405.3843451562138, 1785.6218896328198, 198.11041230965964, 489.0617790099189, 2803.2316440974205, 567.2932500635774, 103.15652667324049, 1328.468636990988, 333.0318666187254, 1119.1660361813751, 2170.2510410435716, 1038.4681240739014, 2085.8599661081566, 982.9274065382228, 1015.9057566328951, 2839.8387528040726, 1836.8073825471336, 1056.4431600412754, 1351.0761780391804, 2635.2512082968165, 1342.8433105824645], [2346.9622608352283, 223.12843885397814, 2640.7433555284924, 1266.6743085185349, 250.3085391874106, 53.88689538849112, 108.91621247050843, 2370.2890875134012, 1674.8225857607554, 1016.9000525023694, 1578.1694298985462, 1784.5474136875614, 291.3403008248295, 2528.6320224148076, 1068.1053216604516, 2145.674984208374, 2340.0407890277115, 662.9086333588025, 2400.4075519228645, 2051.7266056111334, 1997.595470295069, 1001.613981764265, 1423.3201833450678, 1710.2493644754834, 2504.560018537104, 1398.1582479571805, 1788.4720659676302, 1865.3299705374686, 1984.2988141033804, 699.6292314121478], [619.2772648087607, 1764.1574727269879, 2952.5272514820927, 1761.8274429823566, 1217.7050027838447, 1929.7926911882764, 446.9545826988375, 1232.352545797682, 807.5692064378078, 817.9873220212247, 266.7717071873246, 1030.2670153081685, 1916.2570351025454, 2614.30391596348, 1027.1628234338016, 2912.938764844527, 1080.319777779136, 1997.3001304963623, 736.6586218165535, 1351.0812812220947, 2190.86538783522, 2964.678521253393, 2904.3591112458344, 1945.7996454531317, 892.4850471880553, 894.5958597390437, 1237.9059239157855, 1696.158091164968, 1772.4989623349668, 1564.9375596518626], [2871.085401721924, 293.0951740373485, 380.3197477380542, 69.36042856028767, 1367.0605168966135, 1440.8788487541215, 1291.5653217744168, 2568.076231219089, 1965.519770130905, 954.8883639842688, 2910.4091399565327, 533.6271799893867, 1993.5777601997177, 394.5161711420353, 1452.2487467273822, 2022.605287409579, 2137.504934046727, 2620.1478796699475, 1941.1387103226325, 997.4646080468575, 2443.7295221327536, 991.7158359648938, 1269.1555207604247, 2029.6836356300955, 2787.3550363987397, 1523.7029026683845, 874.2579792611494, 1685.9404986469658, 238.6930291011432, 2418.8067449925225], [227.77238651501696, 2113.3170724527786, 853.1030368616258, 2951.138728858157, 1821.5359319449562, 2593.5414823252545, 476.6661618546241, 1080.9284776450693, 2981.3121345020145, 1181.720539772687, 686.6322747823187, 2656.791385101342, 2948.6159293136084, 120.95607936186758, 1343.460931335645, 1023.687249840895, 2056.431692410777, 2400.8917380228045, 2671.753428024162, 448.6081870173736, 2497.746976503483, 2603.320033854824, 1402.8567191851473, 1641.2961810737, 688.8668947387667, 694.0661392545123, 1103.5557492080347, 190.1397953759253, 1475.1842698411958, 556.8814292036778], [541.8229628890089, 1865.7309863073376, 1028.2007943014669, 276.1462326419594, 2873.979298575971, 2226.3114441034277, 55.0610625976875, 793.624408559689, 2725.435338780957, 228.91955060179993, 1907.1278929366495, 2000.8759693731117, 1322.0742441696714, 766.942042870772, 2422.966151691369, 720.5931851861104, 2316.0358947133323, 522.7020404910835, 2382.6203114690584, 2883.0903846734514, 899.562070644156, 898.25638381496, 1738.6284852065148, 2496.0008757812275, 2618.8218556275615, 2144.4228706793033, 18.37926884955432, 2973.5319024784344, 213.84133942630555, 2008.692980662874], [227.63404216940896, 2175.0874982559794, 2143.531028361643, 2808.4531245734556, 222.18083447489022, 2870.141601419063, 1006.5081098769277, 197.41383895766705, 1626.7511341030186, 1813.0576922949285, 2596.4644816879786, 1620.2088223128603, 2246.327128886565, 2199.06424831375, 2218.1262025606516, 164.1155885056952, 2193.87922698934, 2098.7715745338382, 2246.6149967113984, 349.0846298286562, 392.6203427455531, 1655.9951511809286, 1142.7062270215338, 1087.7477670158855, 2180.5966782744235, 1129.218759432779, 33.35862651008492, 2100.3007466991216, 2394.8882422929437, 912.1831995426248], [1747.1766347412433, 1534.1693471945673, 2875.395863227126, 584.020776550604, 2615.672436563012, 2606.3752758306455, 1843.4571519647352, 2829.019155608025, 1887.7062813077262, 1280.0578849253723, 1689.807244660326, 2127.4546777621167, 1453.6217360109981, 1344.5190651022624, 2729.8610654221, 336.45578372252083, 975.3079153640654, 1737.1356968743708, 2268.2552805450723, 2004.660927211577, 877.8212097622404, 2283.1623421300005, 2106.3789837543036, 1437.3016504884292, 2066.2411034525685, 2341.7330704438023, 1912.1770439956185, 1996.2287046214517, 2292.046004720665, 345.90181274645215], [96.42314041768307, 823.1021502958633, 264.1481489804183, 937.3044509417665, 1028.8003789199124, 2868.5844124344617, 2807.428036789442, 1485.4022712216804, 588.3197247036053, 88.82478941781235, 2088.5496520594324, 1608.1434778683424, 85.27970337221247, 2146.4633747091943, 2534.9709848818607, 2090.8790717284496, 2169.612161124478, 79.2783274080725, 1108.7067995969053, 1126.9495343272272, 2801.717628419581, 2221.2238974494317, 2011.1522677434393, 2874.511859559609, 758.2050759541708, 1685.5332071248315, 484.5154679490485, 2201.859018482706, 2448.170572664567, 2158.0707433958846], [651.8569875181702, 732.6636539884248, 2441.3877107262388, 2470.652460912275, 1341.4020933894526, 2103.772693638809, 1788.1100204122786, 2035.6139020113221, 1906.1530558096163, 712.038779027432, 2286.7354700959413, 882.1751759592664, 143.51978035837243, 630.1390023544177, 1671.502126677225, 117.38241431473806, 810.2075380426804, 2610.7369735326724, 2064.2306664762536, 1823.4838045085298, 2915.726451313656, 2447.4116999940084, 1788.7432192623514, 1966.8449679965497, 1015.523268551024, 2291.9939341218164, 273.96054640750714, 1597.281045102537, 1873.7190677585352, 683.3026752854112], [2002.5353541359414, 2204.6684009783585, 2299.3874869839037, 725.4361708181864, 2220.278998250008, 1169.8346586298624, 1328.1938795682242, 1383.2461116358463, 2988.328332237438, 1852.298480845892, 1503.6022889254941, 1431.9791014722368, 316.5606729244127, 217.47849869286262, 1417.6948169776858, 703.3178987520164, 2935.0363167947303, 1369.025795838113, 1708.8667077112004, 1127.202799765276, 1424.9040866981638, 2485.3926543122902, 2056.917987906911, 2444.8005573516707, 927.7445222386682, 453.3107784177001, 2540.667348951148, 401.37182488610614, 680.6793704216111, 1868.6536573750977], [2791.006580125644, 1931.1949786046905, 2784.983113694374, 2711.20884683652, 2908.5390518914774, 1452.8022324558751, 1286.5594446353907, 2064.834803934419, 153.5090420795392, 605.7461311021598, 1083.7455561666313, 2237.0949433375117, 467.475795384012, 1416.273038359883, 1811.4764485042656, 2119.481861130774, 1298.4649089274264, 2762.8433833817026, 2391.0868674009935, 1858.1942854883712, 1304.5149639584092, 1528.9069270182174, 1307.15891262415, 2310.6470114367935, 346.9589278634713, 2275.3165010718058, 919.2198221962431, 442.3092974145901, 2906.384733004735, 1126.7865218550116], [1238.0930661580094, 669.2427428752924, 110.40474934585909, 1064.719236404616, 2614.200395763968, 2773.39920268327, 790.2870536507462, 402.6378404889436, 394.82842501051255, 62.940848946714254, 897.9759792092945, 1732.0790257279618, 1476.080726548805, 1138.0078107398087, 1816.3057902729233, 2383.784791695142, 111.44607459514421, 2791.4557196127353, 1750.9218371068484, 1829.1805115219786, 1402.9084429575414, 1732.6112087761803, 2820.450558986064, 2496.117712439906, 2108.7217982525185, 702.3827772814902, 2182.6492032646065, 1051.9846943914974, 2654.115768771685, 2179.064796311806], [1299.1465049236972, 1336.1321495660843, 2713.557511541419, 2151.5043353974906, 133.61690267457692, 731.0548513988127, 2798.0108579744883, 2128.7261884400477, 2061.9435554938323, 1905.17784247146, 278.6689310503949, 1001.2950040447365, 2898.0958207214817, 373.43605760103816, 2361.8307582005677, 91.3359331745538, 2857.4139913787712, 1061.3303837706624, 2691.67708909111, 1289.3904185129518, 237.06028898401132, 2022.974785986878, 263.2567304391703, 1067.7197733196665, 138.59754015834736, 1056.0558514208824, 2818.426199248449, 1890.6593763143198, 2097.044336060867, 1738.0171081689662], [571.0795091827754, 1978.0703683282654, 2435.8259878050044, 1626.9420242701372, 1939.686652279889, 88.32420730105628, 2954.217876100759, 1585.4931770852204, 1204.9886326508758, 2338.5825439235277, 627.8612013409579, 1734.2543305932775, 2891.520752879822, 564.2775446063853, 2369.2285308958285, 328.0729165622587, 200.0073131785407, 1975.3377904684246, 2099.8648961706317, 1903.284128847415, 1650.4208799869798, 1483.4754824651861, 2905.2099694139692, 2244.1322506750043, 1945.2410915417738, 1932.896202778044, 12.477996682547232, 1032.105648798086, 1120.8025322037179, 1028.2492488678915], [2959.492425376629, 362.030030805266, 727.2948162621796, 1076.0319868827446, 2428.995031523732, 2843.7502048651622, 1280.2391612178528, 294.01332285190693, 1805.9177723319701, 2852.165797723762, 2738.584680033533, 2343.6464274276022, 1539.5374289047948, 2467.0346338171503, 2946.2748396369548, 2142.161371933135, 2905.521418788906, 652.4290679303432, 1228.6790989882948, 250.3426781296474, 1529.1414595028452, 1486.9037790590235, 642.1832296639997, 2758.8805813575864, 832.7615978851464, 1172.3971633412036, 111.16138629296157, 985.8680054881165, 231.19493691984306, 2332.158959133085], [821.779247503247, 2285.9474089821842, 711.0708341892811, 359.0395281197142, 1432.654904819571, 2794.5673625938325, 2543.0400783487567, 708.8811425628471, 1916.5299880788245, 1308.1922971103963, 1922.822488696832, 2145.08157897212, 334.6664365156866, 2206.527532900207, 1297.4893187673474, 1497.2079696570406, 26.09022736530797, 2773.496274600051, 2812.8375896931257, 59.67126572799597, 848.2033220839388, 1659.920478620273, 1703.7292873783174, 1270.933747898622, 1971.876696983184, 1051.5027467268937, 1335.5323660479646, 1841.1449177720406, 639.874383874407, 1793.9557195166017], [455.312067929274, 1423.5292910737717, 232.16758171515983, 563.8550798114313, 1585.6266730850143, 19.599409489681197, 1406.8727099948217, 836.588186205224, 1324.164743871071, 65.2084338432356, 2053.644034371929, 138.52817641345615, 695.8767505125967, 1394.219678793912, 2579.340658219138, 451.12336290943466, 140.1930297378987, 2256.1847801748568, 857.5135424439081, 140.9196774116259, 2940.4725600279785, 2561.0703086066032, 1712.1896184613872, 2275.4694715120568, 965.8441817299272, 473.6229951290607, 1300.290774709323, 1839.09166556815, 1725.6622393532211, 2771.9472843003264], [218.2521856972305, 302.28989390856367, 2796.429285102913, 1736.923974096278, 2774.540292467221, 1501.8712557026658, 1344.0520240773083, 2362.984451887177, 833.7115867473707, 1276.4273626215602, 1756.6872178285994, 281.52202043001773, 1622.453494114969, 190.09844257113951, 984.6208258584232, 284.0778009075964, 2080.3346522567977, 231.0885710970535, 265.6198485043498, 1816.812505829542, 2278.936813384198, 253.69202447274876, 1579.2548207856792, 2049.8955330275007, 2172.7666644769192, 47.6521271877427, 2834.498217700454, 344.52394702300427, 1779.2707675550598, 291.55048265766834], [2623.369972145977, 1830.6679630469878, 2685.474355091413, 354.8084691111216, 422.35891884231245, 1484.1562883780844, 2876.2426359576234, 803.0527403367083, 822.6138005408321, 2537.556091137853, 687.9246110482302, 714.9762676292096, 228.87747937561141, 1211.1926861906327, 514.1331869782199, 709.2114678605453, 682.0541136488404, 387.9020168956168, 2465.3578550991765, 1546.0324045381926, 657.6838066606531, 2015.5864700945474, 978.9444435843611, 611.6100270016739, 1362.7862496693776, 1584.6611888070522, 1565.0266234268483, 1875.1683247985845, 839.3230643756535, 2678.365613925416], [1392.2603537939522, 2597.6321494677563, 2478.952007160374, 1937.9672391650413, 502.1836401124906, 536.3338589655941, 321.16897442552005, 1716.135138847046, 1260.6486962614285, 1226.5473250900109, 1479.8236566872083, 1560.2289168202083, 1026.1855757295714, 1521.7297321155725, 513.0423177676831, 467.29108392534357, 1917.787309019639, 2235.415506573507, 1898.5461886958456, 2914.67659491523, 1247.5936502897985, 755.6008528569408, 1593.07108417647, 611.6717969024672, 31.056169935010146, 134.6203754399814, 1665.3740512466557, 935.9470394222369, 1919.2881050623998, 2702.869766626018], [2169.8896185619574, 673.0851253779917, 1326.0501497640157, 1968.0732670189336, 805.2257427753973, 1839.796838884817, 2990.646972682374, 1978.3223205682023, 2026.40192076222, 2195.24632866013, 338.60111325416455, 2942.4623227308202, 2403.6113918798064, 116.77794558671084, 117.656203476727, 2689.991103769843, 1278.157901438386, 988.2348339973311, 2870.473799337056, 2516.8439230474532, 2057.428530337171, 2277.8125700625083, 148.98898720029973, 305.38547275758, 1557.8300090477208, 2178.6456412237944, 398.74112976983935, 602.9687690151766, 2161.6611921452495, 804.6908112361192], [829.1264782599782, 2400.5525018149847, 992.40619303098, 1621.4648076668266, 643.8449470949533, 696.493484198672, 2770.991251902838, 2644.669769186941, 1808.7556414330777, 675.5477262682597, 2314.3950822176025, 1550.6941289438496, 1659.187094207601, 1765.570592374527, 2407.5353078443277, 2756.6243020490997, 2169.4590629893537, 1720.8421069412668, 1070.0021093388084, 1472.2036100733217, 2279.264186529728, 369.54464398140897, 352.6750809627908, 1326.7503533357428, 1395.6516213603338, 1685.964211639305, 2380.2101682060934, 1757.6162642020684, 1863.1630887604588, 113.9395894731322], [1215.700922050039, 2472.1541791605923, 2346.6307650876306, 2641.24694475965, 631.7871923762908, 2681.4113796169786, 126.13999374303208, 1238.5502357409823, 751.2167995090847, 2432.0225910016493, 922.1405854666045, 2700.10162160182, 1040.0635575169301, 478.0719138632044, 2558.667444279497, 2999.3038132606152, 1164.5980652635512, 1547.1444325334583, 469.1238582924936, 1084.8732630595582, 2004.1259318230184, 371.16707107985115, 2014.847854670659, 1005.2491299353355, 2036.9013270677888, 1392.9904414840958, 2918.526351142288, 2490.9831046658733, 1831.7048191539177, 1735.1745705841506], [781.9438052449173, 757.3192146361247, 1215.1248350720805, 1643.9935024085776, 1992.860772687993, 1897.2850836877205, 799.1271592402874, 1638.2514877372032, 935.4955819313562, 2961.1126609984067, 1588.8675607218743, 1742.4216565351426, 913.4317497519805, 2038.9001132578594, 791.7616941366234, 1027.434559117783, 2046.958394606287, 2767.4722366914784, 497.4998368489405, 1628.6338778306792, 2299.003490876211, 1619.8142442704184, 2460.572377679075, 2688.5904345428107, 1212.2131203191896, 1170.5542248135514, 103.52938348951979, 386.4934901638223, 1378.620134128166, 1045.9182475631012], [647.1091772011816, 2069.5490525856494, 220.33367077581488, 497.3486352407273, 2496.4263319096685, 2547.7809632765334, 781.6707135244062, 1111.5690350084792, 1296.8389220913477, 1928.5233584071127, 546.3887955917945, 2444.1386580219782, 2842.4827053364297, 998.7072301989934, 863.8257650393102, 831.5926756624062, 1688.663213067788, 2554.0730493513793, 1446.878379960738, 1936.3306195917244, 163.5197365218032, 84.81985091598932, 279.89531410051836, 527.7081331119258, 580.0261082964405, 1570.2636517090089, 1614.2132854265333, 2282.508476768065, 2512.0362287654293, 445.76437318265494], [1226.966342748265, 1537.515099606243, 2161.009393209184, 402.943197267479, 1455.4274319366932, 180.6191483804517, 2248.157795030996, 543.3827098770304, 170.80472537213842, 1802.6682862032053, 167.40473726594075, 2188.9298497302957, 1485.305190885821, 1280.1682571549884, 2860.6726856535165, 1492.1045456857553, 550.4197063682709, 207.94685370823763, 2857.0702386626067, 133.51276069214325, 484.7450824980586, 2561.9703675041, 2901.15766924328, 1357.035993900122, 94.41799173876475, 478.3456257812274, 737.6283748239418, 2165.093885912433, 2126.6127424504466, 2538.7118609641057], [2927.9358313927005, 203.94574635693806, 788.479413211757, 2482.195548722392, 313.3806222908445, 461.07169644208415, 245.7740575348115, 1158.6768157386473, 210.45021419447295, 2729.4175097057946, 348.9420151793415, 1006.4300633513574, 988.2712683088434, 1695.3545440857051, 1507.5499154580002, 2080.248843459625, 2159.6910582755872, 2194.349086757873, 2887.054295235703, 2059.814993139581, 1839.6224470615257, 2978.42281696408, 2931.9341920065654, 2802.370212236573, 1484.1970886999168, 4