[[[0.0, 3.894668814717365, 3.6221198709993265, 2.96099635203144, 3.7398583337554037, 2.7848316441959358, 3.6561767334176594, 3.051274758780605, 3.1342655465566187, 1.9458304764375265, 0.0, 4.78928210109871, 4.144365044428354, 4.046494812968922, 3.520064116231716, 3.5543999291373716, 3.856316220470264, 5.2579924368951225, 4.839441790842347, 3.8515652766533486, 3.5875847658855995, 4.871765338355551, 2.0963551289408655, 1.7304049277068563, 4.209040882385819, 4.592097906733008, 0.0, 5.3479948453217405, 3.0868737821249175, 3.0774763449077174], [3.894668814717365, 0.0, 4.7704274970953815, 2.7605410797769383, 3.4796262608936632, 3.4557343541753163, 3.183543861500813, 0.0, 4.677658353150079, 4.902730270413485, 2.3553754688390303, 2.0202274241325586, 0.0, 5.014219951945973, 5.277441051116565, 0.0, 3.6647488698323687, 4.792470519612473, 2.4075636677374925, 5.221187256934969, 3.6431816878830325, 3.3005824662207415, 2.3990285821536173, 0.0, 3.660701197089876, 3.7577399989765676, 0.0, 3.612454062488684, 0.0, 4.267279478737298], [3.6221198709993265, 4.7704274970953815, 0.0, 3.73034803871742, 4.176521382267697, 4.083410261751172, 2.9695318683854133, 3.196897289025747, 0.0, 2.7446519790724, 3.181226511882928, 4.58641559365682, 4.842966426030845, 3.331823510637955, 3.3144292050726967, 2.3147612356527905, 3.380559171357191, 4.306229234140465, 3.1328013585821877, 5.196748983105829, 4.399412344276637, 3.0834222058877803, 5.452764623136906, 2.9936253894913083, 4.471495774920801, 4.770197911275838, 2.089918318863499, 2.38997880325423, 3.406467618895497, 1.8158540309486317], [2.96099635203144, 2.7605410797769383, 3.73034803871742, 0.0, 3.411254397603054, 3.9753314004102833, 4.164330848755057, 3.5415991964133324, 4.210140364878381, 3.369000208324195, 2.7996436050099307, 3.0609003414263922, 0.0, 2.1863353760244317, 0.0, 4.508693334677018, 3.4701638815443587, 2.52536707918054, 3.799349026971785, 3.6225630083894824, 2.23983733391487, 3.9812055531917157, 5.380031677909476, 4.896547910990728, 3.840719824229067, 0.0, 0.0, 3.4239243948980227, 3.452603187974966, 3.552030950419396], [3.7398583337554037, 3.4796262608936632, 4.176521382267697, 3.411254397603054, 0.0, 0.0, 3.5057575131309617, 4.191178939587001, 0.0, 5.1409348551392995, 5.143619158173162, 2.708263558917812, 2.821756165635522, 2.2694346199149082, 3.739798777250903, 4.654827787541185, 3.536755755579995, 2.901306278298174, 3.552844352667078, 2.828842313388214, 4.424054449674539, 4.488299679463847, 4.665998463941283, 1.558205226131776, 0.0, 3.263189315411109, 2.7435625573116784, 2.406513150387072, 0.0, 4.3302433744486475], [2.7848316441959358, 3.4557343541753163, 4.083410261751172, 3.9753314004102833, 0.0, 0.0, 4.596116473038203, 5.599160048922325, 0.0, 3.8692901255464762, 4.23092845269751, 2.0028021115112846, 5.437201305646619, 5.035447537326627, 4.326537407730925, 2.5388592302586392, 3.5702526559044614, 2.236837062604237, 3.847104811402682, 4.712694619516755, 2.4873883521729034, 3.8940106353814183, 1.9351309394779774, 4.155023343810375, 3.476208376063956, 4.219449868695973, 3.1745379246957848, 0.0, 0.0, 4.592535163642468], [3.6561767334176594, 3.183543861500813, 2.9695318683854133, 4.164330848755057, 3.5057575131309617, 4.596116473038203, 0.0, 4.152782088569466, 3.288740441602509, 3.2060563877104666, 1.9950265616978973, 1.9965265815332336, 2.026301978794843, 3.556239456286603, 3.8713869554900127, 3.3603917721930423, 2.933783507903809, 3.1005692242338894, 3.2180906512268477, 3.131091717835167, 1.8816714693138752, 0.0, 3.353694747350775, 2.3137276795215973, 4.889197659552501, 3.268652329489387, 2.32215585594776, 3.6138098917601478, 2.3848942464634475, 3.555358773719257], [3.051274758780605, 0.0, 3.196897289025747, 3.5415991964133324, 4.191178939587001, 5.599160048922325, 4.152782088569466, 0.0, 2.698417162136419, 3.747124470960353, 1.5901181754861407, 3.209749009245514, 3.8256952425020225, 1.3474531918443968, 0.0, 3.853450556975326, 3.672186648520067, 5.061842440839707, 1.9479326533874475, 3.427866369756637, 3.2667238740459243, 1.8986805835355773, 5.038727408030448, 4.8023091972399525, 4.129428994688972, 3.600504934197973, 3.8453222084634846, 0.0, 0.0, 1.6450405970804938], [3.1342655465566187, 4.677658353150079, 0.0, 4.210140364878381, 0.0, 0.0, 3.288740441602509, 2.698417162136419, 0.0, 0.0, 0.0, 3.720160919704202, 4.380420417332676, 0.0, 0.0, 4.980725976419494, 4.614530943336303, 4.505208538372848, 3.6376461718842323, 4.051633967121445, 3.857400490979793, 4.179154001196171, 4.0550677509554625, 3.9210514368481144, 4.510510217156552, 3.873044872075428, 2.9404846593490563, 4.2397862538271065, 4.51742411655687, 3.242612114181819], [1.9458304764375265, 4.902730270413485, 2.7446519790724, 3.369000208324195, 5.1409348551392995, 3.8692901255464762, 3.2060563877104666, 3.747124470960353, 0.0, 0.0, 3.503790856118327, 5.706641437792303, 3.2582467015924332, 2.3111365091758147, 3.4358284170226776, 3.3249747128425637, 4.074084026699481, 5.035997235725536, 3.957068883141058, 4.199752279624644, 3.5533702767100412, 2.7022691329898443, 4.124375713751823, 2.741883767112185, 2.4338350361854504, 3.7119433752807014, 4.773614640648035, 3.228491790321809, 4.07320781455523, 2.1712847157919364], [0.0, 2.3553754688390303, 3.181226511882928, 2.7996436050099307, 5.143619158173162, 4.23092845269751, 1.9950265616978973, 1.5901181754861407, 0.0, 3.503790856118327, 0.0, 3.299331078982391, 5.08845996401293, 2.6586514987174334, 5.552822481689885, 2.3035648426656232, 3.5973950827884305, 2.220803017125644, 4.146869057978661, 0.0, 3.9823853597043826, 0.0, 2.4481970048254618, 3.2154043226417075, 5.010282500856597, 2.686946848299014, 4.734603114140442, 5.384312893522937, 3.902357500599794, 2.959764096133129], [4.78928210109871, 2.0202274241325586, 4.58641559365682, 3.0609003414263922, 2.708263558917812, 2.0028021115112846, 1.9965265815332336, 3.209749009245514, 3.720160919704202, 5.706641437792303, 3.299331078982391, 0.0, 3.9889638604833895, 3.897513069973331, 1.859129138603814, 0.0, 0.0, 3.7199047142048265, 3.9154495222915964, 5.678587245491155, 2.9013652374799275, 3.4267086240618863, 4.753537197513735, 0.0, 4.1484646098869415, 4.01147384035625, 0.0, 2.9202890505290062, 3.029845394899153, 2.718045210046561], [4.144365044428354, 0.0, 4.842966426030845, 0.0, 2.821756165635522, 5.437201305646619, 2.026301978794843, 3.8256952425020225, 4.380420417332676, 3.2582467015924332, 5.08845996401293, 3.9889638604833895, 0.0, 3.0039389091670277, 3.947869915751312, 3.3526575064303294, 0.0, 3.8467287063226916, 3.1533825577963492, 3.3716641508473835, 0.0, 2.105970678810444, 2.777677354069697, 3.417673348995506, 4.001099272843834, 2.6961567204245855, 4.753309518567817, 3.893811987328327, 3.6216805889233377, 2.6066750348176595], [4.046494812968922, 5.014219951945973, 3.331823510637955, 2.1863353760244317, 2.2694346199149082, 5.035447537326627, 3.556239456286603, 1.3474531918443968, 0.0, 2.3111365091758147, 2.6586514987174334, 3.897513069973331, 3.0039389091670277, 0.0, 4.65614079074985, 1.598598171910983, 3.446853827255379, 3.921750995224886, 0.0, 2.979323356224419, 3.1839392949103735, 5.155268495670474, 2.303861031378528, 0.0, 2.518974955443918, 4.275820874881869, 0.0, 1.4070899783239919, 2.8724100699646655, 4.0552463583095975], [3.520064116231716, 5.277441051116565, 3.3144292050726967, 0.0, 3.739798777250903, 4.326537407730925, 3.8713869554900127, 0.0, 0.0, 3.4358284170226776, 5.552822481689885, 1.859129138603814, 3.947869915751312, 4.65614079074985, 0.0, 0.0, 0.0, 5.050623042751388, 4.836179766499837, 1.8742872467345968, 2.8347584841426987, 0.0, 3.386354225584764, 4.487638885513375, 3.416410482230653, 2.977666484559349, 2.726967357872864, 3.5517611021907265, 3.743110596491338, 5.424510712569984], [3.5543999291373716, 0.0, 2.3147612356527905, 4.508693334677018, 4.654827787541185, 2.5388592302586392, 3.3603917721930423, 3.853450556975326, 4.980725976419494, 3.3249747128425637, 2.3035648426656232, 0.0, 3.3526575064303294, 1.598598171910983, 0.0, 0.0, 3.7701617628773265, 2.290281828666137, 3.169741421211116, 4.862370252510171, 3.1705994355189637, 3.285134050854132, 0.0, 3.400355689279984, 2.407919502410592, 2.6579432500051627, 3.306323775956632, 2.8533385614285036, 2.460431908177929, 3.694615382060599], [3.856316220470264, 3.6647488698323687, 3.380559171357191, 3.4701638815443587, 3.536755755579995, 3.5702526559044614, 2.933783507903809, 3.672186648520067, 4.614530943336303, 4.074084026699481, 3.5973950827884305, 0.0, 0.0, 3.446853827255379, 0.0, 3.7701617628773265, 0.0, 3.7840593894698653, 2.0026917173691428, 3.7800533582484377, 1.5642728764602096, 0.0, 0.0, 4.687549573927981, 2.922628719108382, 4.822808904029417, 4.037520080537853, 3.509843631825433, 1.980748472734092, 5.931058707862299], [5.2579924368951225, 4.792470519612473, 4.306229234140465, 2.52536707918054, 2.901306278298174, 2.236837062604237, 3.1005692242338894, 5.061842440839707, 4.505208538372848, 5.035997235725536, 2.220803017125644, 3.7199047142048265, 3.8467287063226916, 3.921750995224886, 5.050623042751388, 2.290281828666137, 3.7840593894698653, 0.0, 3.8659201294741177, 1.8194665831845578, 5.061167430486389, 0.0, 2.524298940965031, 4.175060436555254, 3.035464793798592, 3.3189660147355164, 3.0512436573871367, 4.1692912896737475, 4.049789062120068, 2.6118769412459137], [4.839441790842347, 2.4075636677374925, 3.1328013585821877, 3.799349026971785, 3.552844352667078, 3.847104811402682, 3.2180906512268477, 1.9479326533874475, 3.6376461718842323, 3.957068883141058, 4.146869057978661, 3.9154495222915964, 3.1533825577963492, 0.0, 4.836179766499837, 3.169741421211116, 2.0026917173691428, 3.8659201294741177, 0.0, 3.840854237446682, 3.945022563463961, 5.227556249876575, 4.717495580760527, 0.0, 3.6103008257828715, 3.0742838783681687, 1.942703494632181, 3.4007886700653622, 4.704377081614515, 5.224153137801467], [3.8515652766533486, 5.221187256934969, 5.196748983105829, 3.6225630083894824, 2.828842313388214, 4.712694619516755, 3.131091717835167, 3.427866369756637, 4.051633967121445, 4.199752279624644, 0.0, 5.678587245491155, 3.3716641508473835, 2.979323356224419, 1.8742872467345968, 4.862370252510171, 3.7800533582484377, 1.8194665831845578, 3.840854237446682, 0.0, 4.657245326363543, 1.762953041222051, 4.288790477096791, 0.0, 1.679014035347575, 5.0676731009494835, 2.6424297034168323, 4.128054260504068, 0.0, 3.8749578209317717], [3.5875847658855995, 3.6431816878830325, 4.399412344276637, 2.23983733391487, 4.424054449674539, 2.4873883521729034, 1.8816714693138752, 3.2667238740459243, 3.857400490979793, 3.5533702767100412, 3.9823853597043826, 2.9013652374799275, 0.0, 3.1839392949103735, 2.8347584841426987, 3.1705994355189637, 1.5642728764602096, 5.061167430486389, 3.945022563463961, 4.657245326363543, 0.0, 1.8163463950329861, 2.0400733289266224, 3.4165149654003937, 4.093672219686572, 2.1377061463133495, 4.619971734819854, 2.5927648094762032, 2.768300703825203, 2.612675491187971], [4.871765338355551, 3.3005824662207415, 3.0834222058877803, 3.9812055531917157, 4.488299679463847, 3.8940106353814183, 0.0, 1.8986805835355773, 4.179154001196171, 2.7022691329898443, 0.0, 3.4267086240618863, 2.105970678810444, 5.155268495670474, 0.0, 3.285134050854132, 0.0, 0.0, 5.227556249876575, 1.762953041222051, 1.8163463950329861, 0.0, 3.350812438073028, 4.079129083180409, 2.6676561231954086, 1.523032235035267, 2.7662789631891638, 0.0, 4.325482932648279, 3.5591133090570004], [2.0963551289408655, 2.3990285821536173, 5.452764623136906, 5.380031677909476, 4.665998463941283, 1.9351309394779774, 3.353694747350775, 5.038727408030448, 4.0550677509554625, 4.124375713751823, 2.4481970048254618, 4.753537197513735, 2.777677354069697, 2.303861031378528, 3.386354225584764, 0.0, 0.0, 2.524298940965031, 4.717495580760527, 4.288790477096791, 2.0400733289266224, 3.350812438073028, 0.0, 4.05585284755509, 4.596432988901485, 4.131174318304824, 3.4176554021787062, 3.3745262931754922, 3.1147556788480175, 2.8607174866152008], [1.7304049277068563, 0.0, 2.9936253894913083, 4.896547910990728, 1.558205226131776, 4.155023343810375, 2.3137276795215973, 4.8023091972399525, 3.9210514368481144, 2.741883767112185, 3.2154043226417075, 0.0, 3.417673348995506, 0.0, 4.487638885513375, 3.400355689279984, 4.687549573927981, 4.175060436555254, 0.0, 0.0, 3.4165149654003937, 4.079129083180409, 4.05585284755509, 0.0, 1.1841727472789558, 2.694652075567713, 3.2898369743371005, 2.3709667788216944, 2.9282041555767737, 2.9612730742009212], [4.209040882385819, 3.660701197089876, 4.471495774920801, 3.840719824229067, 0.0, 3.476208376063956, 4.889197659552501, 4.129428994688972, 4.510510217156552, 2.4338350361854504, 5.010282500856597, 4.1484646098869415, 4.001099272843834, 2.518974955443918, 3.416410482230653, 2.407919502410592, 2.922628719108382, 3.035464793798592, 3.6103008257828715, 1.679014035347575, 4.093672219686572, 2.6676561231954086, 4.596432988901485, 1.1841727472789558, 0.0, 3.2359960911943295, 2.7615661469796824, 0.0, 4.082210930582411, 0.0], [4.592097906733008, 3.7577399989765676, 4.770197911275838, 0.0, 3.263189315411109, 4.219449868695973, 3.268652329489387, 3.600504934197973, 3.873044872075428, 3.7119433752807014, 2.686946848299014, 4.01147384035625, 2.6961567204245855, 4.275820874881869, 2.977666484559349, 2.6579432500051627, 4.822808904029417, 3.3189660147355164, 3.0742838783681687, 5.0676731009494835, 2.1377061463133495, 1.523032235035267, 4.131174318304824, 2.694652075567713, 3.2359960911943295, 0.0, 2.806776824125934, 1.842640433550458, 4.672433992574666, 4.874279427756371], [0.0, 0.0, 2.089918318863499, 0.0, 2.7435625573116784, 3.1745379246957848, 2.32215585594776, 3.8453222084634846, 2.9404846593490563, 4.773614640648035, 4.734603114140442, 0.0, 4.753309518567817, 0.0, 2.726967357872864, 3.306323775956632, 4.037520080537853, 3.0512436573871367, 1.942703494632181, 2.6424297034168323, 4.619971734819854, 2.7662789631891638, 3.4176554021787062, 3.2898369743371005, 2.7615661469796824, 2.806776824125934, 0.0, 3.503967886418976, 4.821726948011484, 3.426022049565222], [5.3479948453217405, 3.612454062488684, 2.38997880325423, 3.4239243948980227, 2.406513150387072, 0.0, 3.6138098917601478, 0.0, 4.2397862538271065, 3.228491790321809, 5.384312893522937, 2.9202890505290062, 3.893811987328327, 1.4070899783239919, 3.5517611021907265, 2.8533385614285036, 3.509843631825433, 4.1692912896737475, 3.4007886700653622, 4.128054260504068, 2.5927648094762032, 0.0, 3.3745262931754922, 2.3709667788216944, 0.0, 1.842640433550458, 3.503967886418976, 0.0, 1.5733177491647874, 0.0], [3.0868737821249175, 0.0, 3.406467618895497, 3.452603187974966, 0.0, 0.0, 2.3848942464634475, 0.0, 4.51742411655687, 4.07320781455523, 3.902357500599794, 3.029845394899153, 3.6216805889233377, 2.8724100699646655, 3.743110596491338, 2.460431908177929, 1.980748472734092, 4.049789062120068, 4.704377081614515, 0.0, 2.768300703825203, 4.325482932648279, 3.1147556788480175, 2.9282041555767737, 4.082210930582411, 4.672433992574666, 4.821726948011484, 1.5733177491647874, 0.0, 5.065363690884087], [3.0774763449077174, 4.267279478737298, 1.8158540309486317, 3.552030950419396, 4.3302433744486475, 4.592535163642468, 3.555358773719257, 1.6450405970804938, 3.242612114181819, 2.1712847157919364, 2.959764096133129, 2.718045210046561, 2.6066750348176595, 4.0552463583095975, 5.424510712569984, 3.694615382060599, 5.931058707862299, 2.6118769412459137, 5.224153137801467, 3.8749578209317717, 2.612675491187971, 3.5591133090570004, 2.8607174866152008, 2.9612730742009212, 0.0, 4.874279427756371, 3.426022049565222, 0.0, 5.065363690884087, 0.0]], [[0.1, 0.1, 0.1, 0.1, 0.1, 0.1, 0.1, 0.1, 0.1, 0.5, 0.5, 0.5, 0.5, 0.5, 0.5, 0.5, 0.5, 0.5, 1, 1, 1, 1, 1, 1, 1, 1, 1, 1.5, 1.5, 1.5, 1.5, 1.5, 1.5, 1.5, 1.5, 1.5, 2, 2, 2, 2, 2, 2, 2, 2, 2, 3, 3, 3, 3, 3, 3, 3, 3, 3, 4, 4, 4, 4, 4, 4, 4, 4, 4, 5, 5, 5, 5, 5, 5, 5, 5, 5, 7.5, 7.5, 7.5, 7.5, 7.5, 7.5, 7.5, 7.5, 7.5, 10, 10, 10, 10, 10, 10, 10, 10, 10], [25.0, 37.5, 43.75, 46.875, 48.4375, 49.21875, 49.609375, 49.8046875, 49.90234375, 25.0, 37.5, 43.75, 46.875, 48.4375, 49.21875, 49.609375, 49.8046875, 49.90234375, 25.0, 37.5, 43.75, 46.875, 48.4375, 49.21875, 49.609375, 49.8046875, 49.90234375, 25.0, 37.5, 43.75, 46.875, 48.4375, 49.21875, 49.609375, 49.8046875, 49.90234375, 25.0, 37.5, 43.75, 46.875, 48.4375, 49.21875, 49.609375, 49.8046875, 49.90234375, 25.0, 37.5, 43.75, 46.875, 48.4375, 49.21875, 49.609375, 49.8046875, 49.90234375, 25.0, 37.5, 43.75, 46.875, 48.4375, 49.21875, 49.609375, 49.8046875, 49.90234375, 25.0, 37.5, 43.75, 46.875, 48.4375, 49.21875, 49.609375, 49.8046875, 49.90234375, 25.0, 37.5, 43.75, 46.875, 48.4375, 49.21875, 49.609375, 49.8046875, 49.90234375, 25.0, 37.5, 43.75, 46.875, 48.4375, 49.21875, 49.609375, 49.8046875, 49.90234375], [[275.9170415150287, 2302.0832663301744, 2447.389238450076, 2041.5702825634721, 2098.786124972438, 2455.15654664073, 259.3566001876372, 1760.102866548484, 1418.480137454914, 1533.6787804862392, 2282.84191857178, 1450.9857583607422, 989.0771567007667, 186.4336784133326, 34.70239097839312, 2371.264482557129, 1672.164533473087, 2841.4150562589834, 54.76762495130538, 2320.9095141581506, 517.1423396894008, 1052.0797179668232, 1738.1177226456375, 1678.3136172531918, 616.9624462181731, 663.6459548392158, 92.16779761977878, 1441.8146844516427, 2183.2387206630824, 161.3182704963241], [90.16495759953935, 1101.9909799255938, 2219.671867055934, 1599.1255823471417, 2681.3416194061424, 844.164834695118, 2456.212127344732, 2417.898594608402, 1394.6688047190512, 776.6786009770038, 2433.759876738341, 46.066228314101124, 143.9294310623793, 647.3575532186735, 2127.8538230778713, 1056.555879279576, 1939.650842574637, 1503.8796163453997, 890.7979638946629, 2616.4961984535325, 2024.6695524955362, 275.6454709680425, 2816.327369527751, 1618.5779341346972, 2086.139267320269, 1502.7175025360652, 1807.1704060461886, 412.2021595925663, 374.8087637323845, 2538.477618132243], [2827.3826477950174, 1536.6083895176287, 2769.9019970910163, 2525.137985711864, 1677.1004444081202, 2062.341825921878, 1167.7661863980952, 1390.0025417473832, 2071.753729359542, 2181.4820954961583, 1009.4479584097935, 5.918663928387136, 526.789422663033, 2777.281117532631, 1751.1445950373559, 384.9791852531278, 2341.5335812945887, 738.4988757994277, 708.1095620874381, 891.607649730586, 2689.98812243785, 1192.618498119393, 2092.3220936528005, 1737.4158370262226, 6.410295255556697, 108.79030651945743, 763.5560820843543, 1786.1733439042523, 726.9028561194784, 2098.813299584538], [1069.6678461353986, 2094.738606176436, 1668.1823681040514, 316.42165445786, 2825.67187724809, 2868.208153160185, 2712.65976442691, 2797.1083777272543, 1810.587497814622, 2940.0060226886535, 2709.863234498815, 712.4626232960989, 1011.0985167242357, 2820.36749789033, 766.4846647586504, 1524.1759725828717, 2978.321355584417, 2148.817914514673, 331.17548673097616, 1594.9347837471075, 131.80108676636604, 2513.4063765365354, 122.84192578272635, 357.8126928067289, 2192.2099722241096, 2521.669095889013, 1007.3562598369234, 555.3920958282677, 2929.145761817353, 1829.1476724926545], [777.5966045255151, 1750.0441116446461, 437.78821629162366, 858.7187129125958, 827.82342435552, 2144.5753367650304, 1663.922184906166, 2653.413287183402, 76.20892175908445, 2497.512186643761, 2259.2575791180166, 409.277328503169, 2603.089383426617, 2886.6678827367004, 2495.7771934824805, 74.13894749022776, 950.5313296918866, 615.1771445109258, 1664.149599932127, 2961.1393227378394, 2993.4543788856386, 594.2239124429416, 523.3297588813052, 2999.6429472150735, 2676.2489301004084, 2031.4258862167806, 464.6685020467748, 2785.2527102931626, 1670.9159469551473, 65.72718178615166], [941.4630610985026, 2233.1090120748563, 1414.5195730279775, 2945.9697387677134, 2658.753295266132, 2104.3958676740826, 662.6309280611871, 1700.1110597006852, 631.5695801098935, 2736.7268375085523, 998.2700861256264, 2692.6871305347604, 2034.9034691872696, 271.2980072499298, 2706.4443603620507, 2949.1261274233566, 2801.6494252746575, 1899.2403553025238, 2498.1571774379972, 2709.6619921325387, 2371.5900450146196, 1149.059826967466, 65.49094789728072, 1982.159135328343, 1421.3810251611576, 1542.5043101512995, 2680.1495552300103, 1253.4381902950538, 1993.3759344443706, 2921.7406573325225], [683.1568500275149, 269.92601833111485, 1706.200126931021, 1408.2884353848776, 719.8347287287245, 2492.871213286296, 2259.944422112062, 2823.7519629082585, 2169.09641134931, 1769.5501493518452, 90.69601411546225, 2714.3471272100096, 2563.579787968108, 884.505075967335, 2605.5832943744895, 1797.61718286287, 1969.8496893579747, 2430.3006084930266, 530.4855278084964, 2576.481081606418, 666.0922255022207, 2983.0521448743075, 1747.858691156378, 1527.6017404001393, 1882.2221230170383, 1469.1134829230643, 2260.2807854065836, 1733.3608242641483, 2021.3144811552293, 1826.3409646161256], [2566.585862885434, 443.3912259938678, 2516.8396542493315, 329.54084308380504, 977.2683156785638, 2318.9913159882835, 2672.7023493832767, 2732.1882857744704, 1858.5957975125282, 1409.2751143422, 1212.290250194969, 1116.5716786411137, 1969.3699348412001, 2445.929712633768, 2849.5569694894107, 1518.9447469811546, 616.9009699702734, 1884.2410885665438, 29.876623578892534, 1785.3518033822359, 1953.5263512311233, 1337.6567092257578, 2074.6235515244966, 1884.0723042656198, 2919.9929520151263, 1658.6838046161902, 2209.201284151018, 71.21109323419938, 1420.2824671420037, 2963.00498968714], [848.9034741848519, 1440.4320742166576, 80.96264767752504, 734.9727448965125, 1184.6297506156832, 1197.4515069831336, 2672.9353876264827, 2510.565144686033, 1153.3142099158026, 723.0322447637507, 2243.377674647858, 1881.431187345466, 2651.239683150043, 1078.8200368684045, 1478.360010512066, 1896.0154772127287, 2452.2390944307554, 991.3553542283331, 893.3419445661435, 2993.9136645645362, 1790.9185362770172, 1872.132764265962, 955.7603084622715, 2026.1821794196553, 823.7728502387666, 2016.5276665145411, 1972.4913060855301, 516.3947961877279, 2122.9875292022575, 1015.9992709049883], [606.8862051783111, 535.9180787588969, 1376.490721227075, 203.1048558053521, 2909.3305096528798, 2398.946194448811, 2391.171112843696, 1355.2715029630633, 1129.4618520698027, 372.00559026521705, 553.4845847303369, 2272.3784411676534, 755.2122029194544, 1731.3223745863365, 920.5226432714031, 2554.4361489928037, 1062.0110697521638, 141.93896258275285, 402.55467659216947, 2347.9932102024322, 2168.088404379011, 2748.246966762346, 819.1757195559487, 1770.50517149802, 1357.4992403971237, 777.7241968329843, 1163.6683896046961, 1353.1850862054764, 88.59403017886846, 1378.7484782740391], [2746.467704881868, 1272.9371360803223, 972.972995387073, 2900.5412281625104, 934.5695640603748, 2960.8205979820295, 2004.1456833738393, 592.5538774026343, 2010.968047802692, 2141.2031232655663, 380.1018073639406, 1921.052569748414, 1868.956729970938, 1956.5585228092457, 1387.2138090678616, 2634.584168787212, 1441.5897750411089, 614.9036647579484, 2994.5838923981364, 855.9001289243386, 2011.6182823872036, 2315.7975031540805, 2160.9722638828302, 2859.7072971407188, 1200.290723004948, 2928.4252170145633, 1979.0866078364556, 2935.2600676425004, 2251.6425090045304, 2458.5994159052048], [2405.325896447326, 929.2666817817226, 1715.3822262079425, 2103.860616053238, 54.68125266185708, 2233.349571649614, 2133.1959650694116, 1152.8966844936244, 233.83328117126177, 1428.2829512847763, 2738.156920594087, 72.69849538432993, 2963.804651446026, 1987.9577314583516, 1803.1548257219915, 1285.5895389321527, 2503.115170883358, 1827.9680650215084, 648.2421440852295, 2743.1914271399914, 965.6286412630961, 1795.267232206759, 91.74314461499256, 2266.1915511098828, 619.8083580448636, 2667.1678564468575, 2455.263278848464, 2743.2580826921135, 1062.487226102914, 587.8030068411642], [135.02038339018617, 2128.801973076839, 906.7035924403799, 1850.5360511269441, 2065.5177423439254, 1636.2658718799719, 1180.222520897022, 2253.6332224136872, 2800.75749052602, 2746.7680886101666, 752.4797879739886, 477.4935955219568, 1676.6142413803782, 169.04837355173495, 1476.4083532845327, 126.59555785131549, 676.9250021781369, 2042.2828619238396, 2765.8609443263904, 1975.3848463091788, 1417.0105878756258, 1568.9658941042414, 2275.709198460158, 422.21268385588274, 1399.8086592581496, 2209.2468666418813, 2834.8255225088988, 779.6914311701687, 631.6957098448579, 1512.46290234665], [1633.0519873477137, 2200.9228128270247, 1407.9109682784183, 79.44067600524596, 682.6439081442343, 2296.8273823730005, 1177.6259923033817, 1041.9082204746842, 21.052096924639272, 1630.3202164677978, 2909.588437032817, 2382.6398508682146, 2487.501664397156, 853.277703596213, 15.926282572601536, 629.5428350936054, 522.5791364403178, 2838.9499517098857, 2823.541678963263, 1771.3428783444685, 1977.8460224941434, 2647.0839301969386, 1445.7809356302605, 638.1715156969354, 2328.665528618053, 672.4838566782422, 2670.432417467383, 842.571815509918, 1884.8408886050818, 950.9848767482846], [2877.597465585917, 1939.7704875640895, 1249.4014543322296, 2965.4410169377365, 2139.0155237914123, 1825.4651212924193, 1150.41455784925, 956.2698003291919, 454.7083865240854, 2286.987804154304, 2206.4786087357875, 2013.6756290604799, 1923.2730792144166, 244.52055650093118, 1746.1743575446237, 168.49526798214453, 241.8104826214692, 1488.1024073017882, 2453.70310933141, 2489.9312356125547, 441.42243626891906, 1191.4726295947703, 863.3084590834529, 1821.2677163657156, 2348.716024888327, 352.56387466563154, 2751.2021138971095, 2997.913559889465, 1175.9610651813687, 2516.8733250571227], [2795.02072062397, 1499.231733269708, 872.2260818394348, 537.9429076684863, 912.0581667173369, 747.3904842722352, 1907.019240708746, 582.0146071811429, 1018.1178937375175, 370.24922058480183, 2177.8523364158186, 2474.9961140599758, 2684.913646344178, 1272.5813865601262, 137.33683297217482, 1169.075272600598, 1718.5924343837887, 324.39733517463554, 1379.441927526343, 1138.3747672335526, 1322.770306303514, 1812.980190163638, 1813.850204054684, 761.4961134251788, 2794.571884117674, 1330.4751453309689, 563.2619706443834, 1815.330313437677, 222.94701237937588, 1609.5722051634352], [2486.3953740672446, 818.5224307864067, 2356.7112290673094, 71.44230564216092, 256.3230194585864, 234.7558600126576, 460.8710137131624, 2417.780437170012, 1826.9969220775681, 964.1406604989476, 1357.3525585230234, 1316.4194846186515, 1467.014046651262, 312.92781537398196, 68.49479365735245, 397.1839438740005, 1570.0258033447778, 1153.2484116565583, 878.8420334389003, 24.343190887916144, 1368.52230790138, 1954.005153217237, 687.3387764185234, 1358.553384840553, 566.9941282843881, 1392.6261244819043, 847.1713426128103, 722.4562076699481, 1829.4978746328052, 2388.884659607189], [2926.731910609531, 2124.7025858696293, 2055.9620977269406, 2989.6309664340542, 565.2062641596284, 1438.4994251305304, 2787.563366996337, 1685.6303182914683, 21.859715798197897, 1236.8820011984142, 1050.4827410168373, 2124.015987838896, 82.27507131464895, 489.723678571831, 1019.4110328123874, 1384.4651340937623, 4.56207487983018, 1289.9198833660041, 2734.5134116365175, 2664.1622523074084, 2241.6587766788757, 1363.5903742344703, 839.8932645639495, 616.0850029310054, 2978.523847919125, 1561.439277748695, 242.25924510064334, 1148.3819068936753, 2438.8007971688344, 1802.1100753151507], [678.8659237333937, 1794.9195249318184, 2554.8039222335547, 2149.470019484148, 530.4275642053078, 194.84886676452706, 1607.9742690309404, 2503.2101147901303, 963.3285643719406, 342.5808646451539, 207.21919032572268, 1821.1979075925535, 1169.8970703926163, 1114.6517485247332, 1646.3020290162426, 398.7012618510717, 768.0574461071789, 164.63268202502346, 1240.2253180808348, 1936.8039076294313, 1508.7024402856568, 2393.7212196738074, 834.5056765316943, 935.1429214102832, 472.5751591314188, 589.3060600024365, 2211.4309900306152, 1073.585691070149, 181.137001830042, 1654.6686988149584], [2921.5673301747665, 14.346389509342306, 2325.955259454542, 277.8583118248778, 2697.327700540626, 2043.6993138069151, 1021.5560311308734, 2148.753546601968, 2109.939316238496, 678.3436329102132, 2327.002324997902, 2938.952958460688, 1532.1443232372476, 1610.5582033009844, 1599.046357240299, 1780.0385524964577, 456.38924130138804, 2727.697796079454, 2628.642033392011, 1094.8589963788922, 744.7267757799495, 661.4517683938977, 1456.3910097054484, 1220.6281942236217, 2719.1913697321475, 319.7113690569553, 726.1749336624827, 1275.8301207615557, 2304.8088925119096, 732.001769445624], [2451.319217004575, 1320.0505022060543, 975.2400680237711, 2443.486311776109, 2842.465555948075, 1017.6223670852535, 2846.0173089970867, 458.58471004860945, 667.9685440570306, 1690.4013730306808, 973.8691892738519, 731.5628946755527, 875.0148425013102, 2165.6007878290698, 1006.357286303561, 2335.6735375450917, 1518.2647153020105, 203.61243312859722, 1025.6562053632078, 488.7239001746512, 932.5224303401345, 2804.717136617783, 1779.1806538225421, 194.144869956426, 2713.6965688791743, 1316.7039244529606, 240.49712545285885, 1925.8109120164409, 1149.452062395697, 2279.8372597638486], [1181.3125303432441, 1285.1256265919153, 968.2978097143455, 97.75993240588765, 646.3876148567548, 1846.4022246339805, 276.04929584200966, 2955.492402585609, 2184.793932322996, 806.8274116693881, 2891.6054982678966, 2086.063798554427, 1377.190493967946, 805.8795466153199, 1698.8717741110313, 374.8911062746082, 2136.2755809967357, 636.5440012845428, 2055.4240498945974, 953.1693924480863, 2283.256533210283, 1007.5835597273916, 939.6053224843537, 927.3537072171091, 41.8664775379991, 1364.270167611747, 1293.3156906387746, 535.0557878343782, 2628.2127433047335, 638.719633962526], [2524.7268623120044, 496.2325498385272, 659.2050889395144, 85.99971618664503, 2124.3490856276026, 2518.859743062056, 1841.602309202849, 52.96834158818342, 2766.7790428020994, 783.9138636211617, 2278.1814353798686, 787.2641980916379, 2211.225289537597, 93.98564396764408, 520.3086620202031, 2260.4485496802963, 2063.027367157648, 477.83481303416073, 2623.566040255151, 1891.4778164687812, 955.3111413648004, 511.1820223202558, 166.51242593671088, 921.8844295114885, 194.00294611903567, 900.2617520384275, 853.6427736294816, 987.1481467330899, 1948.95507219908, 1376.4502994912955], [2646.5638674930756, 1595.2996879427521, 2836.388489702719, 476.27148044133816, 713.4110142650874, 1717.1965477981241, 2557.0293990505506, 2088.989129294058, 1675.844065509413, 347.70601513917444, 274.7011170162555, 1324.829736550614, 2532.0514961773606, 48.922610856953376, 1960.0851542919172, 2724.672532220375, 2157.723603092521, 1466.6612409611676, 2151.4434971048427, 2107.522210252452, 1695.682592870039, 1535.973746092483, 1412.1223110461735, 112.06434670801858, 2236.0232384496367, 1709.5417447788816, 2380.178592131825, 560.5510850248093, 1298.950009678178, 1995.2180801195657], [545.5230257717275, 480.11300234021826, 1293.9912501060173, 1572.01639451385, 2726.253600810548, 527.6526694970133, 1696.1597721960986, 331.919529651557, 1620.88821711141, 2718.562556924633, 394.4761521023269, 2718.226355445613, 299.83836717538935, 615.8281975641117, 797.0299341287819, 1435.7271839523892, 1596.2711129242366, 2835.7351020622755, 936.4276255273109, 2437.25694386032, 1623.0348571923166, 931.4726642648659, 1780.7899879848867, 2472.3638398353523, 1799.9359999209241, 1072.2773238679724, 1868.0318552626154, 777.264654680208, 963.5018402140983, 1664.071806164906], [1557.6267201770447, 102.99708441478205, 1887.910558882381, 2267.8897017679246, 964.6708965703984, 666.5706002226057, 322.08520836573604, 2587.103708126271, 2297.9703161843854, 560.1841965548334, 2124.919003038929, 354.09808192363556, 515.7714439058565, 205.59591766565876, 1142.3088454145754, 2412.7204236982466, 679.7088336780631, 1422.258031004123, 1845.3728209287247, 2339.3438545614104, 2781.5449116248165, 2268.218534543076, 1985.8212926733206, 2701.221339836063, 1211.8080312577117, 2315.806751818414, 1895.7031333246748, 1047.076371213488, 1389.9328550898488, 2643.2868005278215], [1738.5728047028915, 757.8201787139756, 1972.3424652412457, 2689.2573491970957, 1605.6833418201888, 1523.0092268518276, 1094.185284369889, 2533.6138888037417, 1577.3875166506523, 2416.864692820806, 2851.033737726715, 1818.6433830467406, 1829.4352334764092, 2425.00240375705, 107.17146047462222, 566.4183389858991, 826.1234797037189, 1955.5807277333383, 588.4785947350532, 1722.6621529610322, 864.3530958214845, 2299.170531747467, 42.87020345898674, 1445.6534493297818, 2515.690922444496, 333.8848403045263, 1797.1678177444708, 317.75239474419527, 2065.7897798570975, 1722.7921826959355], [1799.5869044546605, 2393.5655176141763, 1981.7398456806725, 1867.4456823299297, 2229.889118393377, 1802.7025788080794, 2582.4437314025827, 100.7272779394518, 636.3133529723253, 2048.2840574101997, 422.970789842814, 914.2254524949775, 1687.5831491981935, 1259.5975308805216, 1373.826605135331, 633.6961440671681, 2230.5674100698793, 2042.4198840065478, 2987.9580713771566, 2011.9459220867482, 1575.6627932243066, 2612.1926411750183, 1178.3326902961942, 1158.0647193698583, 5.383639620312408, 1019.852621138706, 605.9002492154152, 1682.1905625375784, 1532.3382151033572, 86.5914452857638], [1031.7828455325841, 2265.0670133698763, 79.80642103917157, 421.6509536772347, 2940.3570843883513, 1645.6740761613212, 1639.8811234581792, 2261.334188297445, 2783.419950578425, 258.45809057776694, 2501.466224580753, 1300.455861597151, 683.8661904977811, 1811.254428438898, 2208.6657589188767, 916.4711204842458, 1070.3825284236636, 1554.8040588720917, 432.82468985900425, 1879.8639965292741, 1837.8057625296312, 2307.291936532733, 1365.5382064855655, 2598.452199942712, 2889.714492347781, 2435.465350679792, 110.45241879364886, 483.2367408162661, 950.2306803118449, 2747.1152482407856], [817.7950930337443, 1530.0158196630946, 1894.9620894101124, 2306.672516055839, 2167.4582109050534, 1043.0338965653327, 807.0593298506341, 2616.7682784000017, 1509.6131257608968, 666.8498015137607, 439.8979049406009, 2191.5364955149726, 2561.5495717792583, 534.8294187439992, 2715.3273679639005, 1232.1229226769603, 303.04489303421366, 1905.859376708074, 2657.2990626309816, 2585.583741239605, 1436.9055602428455, 729.5400935634052, 2802.2018515592945, 2977.532771715944, 524.0409968731901, 1212.6122616207954, 2409.535772944649, 377.58891010560956, 1752.7415515070456, 2138.56279367484], [2248.8498400642784, 2743.6239017580806, 750.5071711522639, 2089.3249543751176, 1358.880438870042, 2885.9367533458258, 1643.3212149202725, 1325.0462377934027, 1084.8509288454702, 824.1135455772863, 1336.0936080959311, 1970.2113879454955, 873.5888294534496, 1653.079772806494, 239.2459938111853, 2688.597596669889, 1881.9356095872038, 1957.1448195577757, 2515.930850565464, 1893.8757953104791, 346.32249331200416, 969.66253262318, 2497.8751709622666, 2345.2166357375804, 281.0956119648258, 1964.7014773661851, 2946.1031534457643, 1303.7109846079954, 1332.7250655178025, 2873.781110790467], [2397.2519651589405, 2024.8965727348527, 2149.0985509519005, 1148.5818883695806, 998.1263330843977, 1389.85522685402, 2294.5416848257228, 1273.2418299385836, 1368.5978161877351, 1083.3965357843233, 2002.2154773698808, 2660.003602347526, 60.10244487968708, 1144.5529356462407, 2459.226310659348, 1456.7717775185047, 637.6010785437361, 2197.621110074387, 554.8289717608355, 2977.6817052584074, 875.7177067724714, 1084.8724454920455, 2533.0281293794365, 2166.2415538125056, 1727.0905013337365, 1288.7814082506973, 2085.4117058242073, 435.32321548534213, 2747.863268556273, 1573.4220095728888], [1889.6495338565367, 1744.5188588928513, 1810.8266042771004, 2688.0323478443884, 797.3242588708049, 1612.1194121781366, 2964.096254076483, 2133.0387215956503, 2474.0919769537663, 2433.586639463325, 2295.2605841549444, 407.1471752362319, 2924.2591157673055, 235.24479194796976, 715.4814039760654, 574.4904766741561, 719.6555190251363, 2358.511848654833, 2404.1080417634207, 1811.6874563598674, 2187.204815662149, 2124.2877671106908, 527.9258044020886, 582.447771350694, 1020.4003372942904, 1791.213195301941, 2318.819052186173, 394.93996585315205, 1669.56643807197, 804.1982427959271], [2027.464026047528, 2695.6256792216263, 2312.90427277869, 842.3078938937795, 745.6121553506022, 2869.674941484927, 654.7949020393312, 2643.3114481442767, 1174.332527739283, 1412.044084304847, 2677.69871710839, 765.2823992417118, 2948.2796793140387, 748.8039040863706, 757.0129671882347, 1445.58210475133, 1445.4824592537282, 443.48291538311724, 2238.678716232454, 1330.2150554223379, 2904.661034582328, 789.1101611813783, 825.6942837169038, 265.48027170226464, 1923.2312494729008, 2787.6803388425415, 821.86288463045, 2550.759267679071, 2689.6304047294166, 1552.028594258381], [357.7587005231139, 966.9336057125515, 188.9676501952149, 42.480891597001744, 2019.2989810775307, 1974.1197602599254, 1361.890386476164, 353.15412803376955, 1237.7068732907887, 1350.002077133895, 1546.4407822203048, 404.47178817131856, 26.9501015154624, 2547.549467246205, 2713.7239555882015, 2272.2703162013204, 1654.9815074629935, 1834.4340237129481, 1998.8489877703073, 1207.970436708589, 1481.7810356562838, 2093.0212734188713, 1507.6229183091639, 173.70557017997112, 531.1809190793996, 1914.5895810180214, 55.2035923864499, 1998.6458217282889, 1921.1529334079637, 1459.5622443727382], [1700.9798753589682, 228.28337248169194, 415.86280726099255, 2916.6240530070877, 785.1723711867512, 687.152557606775, 672.3891559676229, 2566.642475639484, 41.53953112113196, 846.1949616260849, 2359.344364464593, 2925.9846677089495, 2691.1060193507715, 1528.4516449729376, 2369.5087216287834, 1124.169328971452, 2607.454714658171, 923.9035614613776, 1918.9284040961243, 2505.1633938193067, 2863.9482015326244, 1217.2403362557707, 226.96185888148378, 2732.7231540751773, 434.0800802840035, 2688.571396971131, 2511.6680344819074, 2882.987619083795, 2325.622969710483, 131.99680480167518], [1123.766147080292, 2631.18653522959, 2488.461546501932, 2946.6574244549206, 1539.6216614693506, 1933.1916678604557, 1357.5915560658761, 1763.3917054555893, 615.1208397821339, 2359.3173180649737, 706.7759210900351, 1449.4747283721624, 2196.752038905666, 2340.4168306826064, 2483.9944018872843, 1350.8850378923926, 804.7486311642213, 262.39337470163684, 543.011509701521, 254.72376033607057, 863.8851120997065, 356.80611877638125, 1297.6818959229774, 1380.8137833256742, 2982.4455619883693, 1086.8375653895532, 2898.998414498419, 300.425879982878, 121.16772562882039, 2211.9599581108696], [2177.9419845682683, 260.8857589501582, 513.9470654071829, 1164.4172723878796, 1909.0388990704294, 1431.9897402366023, 1841.4895940955375, 360.64972592634217, 638.8511945816082, 289.49437438506453, 1119.298366737833, 760.3878538921044, 1174.4701664210966, 2417.179377104867, 1431.1619091882903, 25.87672109929473, 1770.9079347219113, 12.992924948705076, 1006.5568119730686, 48.324436828767524, 750.0606928753211, 2354.8506586040617, 518.7942251494228, 1394.3619740603353, 1422.453062012168, 2308.930797293549, 1036.7482584274735, 982.8245005865789, 1324.736423288232, 1961.4832318057747], [272.12367563919014, 500.36764448549985, 2464.242431578893, 2766.97302768859, 1632.639894797522, 2454.258266169812, 1311.0285253585207, 1206.2400223358998, 2173.3442283723343, 438.1510327832876, 82.98731810372007, 2042.262437798523, 292.7818539585143, 352.65414002832097, 501.513077842518, 315.45776173244366, 2298.0870653022903, 1248.3461603769197, 139.45505956883252, 1084.9463271451355, 1323.7135993712695, 259.4639278208034, 591.660414676007, 120.83653045996302, 2319.836157224474, 888.2417397215745, 1832.7936749284852, 555.9970260054774, 1199.079919470965, 983.2195527508237], [2352.255207239956, 204.0826466066079, 172.65341726402573, 2017.3497344863572, 217.23177544404103, 1692.8417700203254, 1800.7012644967042, 2986.8373380050116, 2765.301702467723, 620.9042599281195, 2694.6420523913266, 2389.478898625424, 2237.0761913988604, 984.0143368536195, 269.66634489812094, 2134.301545979639, 1557.9893980231616, 385.6270609419551, 1898.0010251554393, 423.1904147256854, 2008.34624352989, 200.83153374844764,