[[[0.0, 3.9315404878642806, 0.0, 3.4275215150564637, 0.0, 0.0, 3.24406365975312, 3.201241091778564, 0.0, 3.832543818761364, 0.0, 0.0, 0.0, 4.307980467666313, 4.621241855276922, 0.0, 0.0, 0.0, 0.0, 0.0, 3.704592871242818, 0.0, 3.897232901058443, 5.1635315682898, 3.0789735217184298, 0.0, 2.902430883693488, 0.0, 4.019356543970101, 3.3678569631323096], [3.9315404878642806, 0.0, 4.597352350783392, 0.0, 3.1042220900288067, 0.0, 0.0, 3.41500178422171, 3.3723727913482477, 2.6880271953484436, 2.1115116881833274, 5.656769661097863, 0.0, 3.606704020852967, 2.452774203917295, 0.0, 0.0, 2.651665446740215, 4.031640109333626, 3.2946856840623187, 2.9242776485940234, 0.0, 0.0, 3.7417486782852576, 0.0, 4.387267458116225, 3.328508721272391, 4.8858117500453115, 3.1871564107903403, 3.216830162788975], [0.0, 4.597352350783392, 0.0, 3.0570297630803456, 0.0, 0.0, 3.6092384012186947, 0.0, 3.1074435744880518, 0.0, 3.8098427367049985, 0.0, 0.0, 1.4242399682859972, 3.5585176816649997, 2.3827345724567985, 5.0025841006185585, 3.4845759123005626, 1.7283059477349236, 0.0, 3.0558966983648572, 0.0, 0.0, 4.556057362190375, 0.0, 2.273225509349966, 3.5238005589096737, 2.858620891378785, 0.0, 2.686676562171879], [3.4275215150564637, 0.0, 3.0570297630803456, 0.0, 0.0, 4.273219871750143, 4.0176452821404975, 0.0, 0.0, 0.0, 0.0, 0.0, 0.0, 2.766415301532855, 3.8205454773787193, 0.0, 4.41256815008194, 0.0, 3.8059178827330813, 4.371338690900874, 0.0, 2.516065718003805, 0.0, 2.8110137533043362, 1.6252651414897028, 3.129880233053526, 2.804603243328403, 4.917787152048753, 0.0, 3.7445558499227998], [0.0, 3.1042220900288067, 0.0, 0.0, 0.0, 0.0, 2.8762190191621535, 0.0, 0.0, 2.237803450421505, 3.4182499133303357, 4.239583658966481, 0.0, 2.1452623621658695, 0.0, 3.6138658126764813, 0.0, 3.2078281846296828, 0.0, 4.174097740221171, 0.0, 1.8001557632277727, 0.0, 0.0, 0.0, 0.0, 0.0, 4.306224079480042, 0.0, 2.8544632143343076], [0.0, 0.0, 0.0, 4.273219871750143, 0.0, 0.0, 2.3525863659949273, 2.253024289547654, 0.0, 3.170699010511158, 2.7351779168125723, 0.0, 0.0, 0.0, 0.0, 3.6242564875561696, 3.5900839311792536, 0.0, 4.746991787528939, 0.0, 4.477493368681054, 3.385824417588662, 2.227525063469229, 4.939619599120166, 0.0, 3.1107106532200595, 0.0, 0.0, 3.1570133701813092, 0.0], [3.24406365975312, 0.0, 3.6092384012186947, 4.0176452821404975, 2.8762190191621535, 2.3525863659949273, 0.0, 3.816964902351792, 3.549667958464524, 4.496770168170315, 0.0, 4.472378105662488, 0.0, 0.0, 0.0, 0.0, 4.339891569070206, 0.0, 3.7355059189066537, 0.0, 2.50041657900526, 4.484099092344328, 4.490133175106283, 0.0, 0.0, 5.383086667559084, 2.761911668775406, 0.0, 2.6184634706505703, 2.9906806752127855], [3.201241091778564, 3.41500178422171, 0.0, 0.0, 0.0, 2.253024289547654, 3.816964902351792, 0.0, 0.0, 5.303313147846423, 0.0, 3.827131365933645, 2.2387907787229024, 2.6372134136237895, 3.9797785659955647, 1.8443267863223731, 0.0, 2.6292511309022726, 2.147688745307625, 0.0, 0.0, 0.0, 0.0, 4.716489144429613, 4.229964889150246, 0.0, 1.7818015173877826, 4.950802511098548, 4.23703897788932, 4.321549949940617], [0.0, 3.3723727913482477, 3.1074435744880518, 0.0, 0.0, 0.0, 3.549667958464524, 0.0, 0.0, 0.0, 3.979138016749701, 0.0, 0.0, 0.0, 4.523205377612973, 0.0, 0.0, 0.0, 5.599159228239967, 0.0, 4.713816155546089, 3.3209658866845735, 0.0, 0.0, 0.0, 0.0, 2.85630552335461, 4.615150126032931, 0.0, 3.9803864578260306], [3.832543818761364, 2.6880271953484436, 0.0, 0.0, 2.237803450421505, 3.170699010511158, 4.496770168170315, 5.303313147846423, 0.0, 0.0, 5.256650694754035, 0.0, 0.0, 5.4872770615073865, 4.7495115816828175, 0.0, 0.0, 5.564085383786434, 0.0, 0.0, 1.8265781422960177, 3.513778194030636, 1.38083787249293, 0.0, 0.0, 0.0, 3.9373881950676597, 0.0, 0.0, 2.983973225633237], [0.0, 2.1115116881833274, 3.8098427367049985, 0.0, 3.4182499133303357, 2.7351779168125723, 0.0, 0.0, 3.979138016749701, 5.256650694754035, 0.0, 4.386609848568648, 2.969035685576536, 0.0, 3.050663916235489, 4.352983814264098, 5.058787688807405, 1.8667742947720334, 3.7619698305745803, 0.0, 0.0, 0.0, 3.6810823839043794, 0.0, 0.0, 3.1455066629841504, 0.0, 0.0, 2.6071306231933913, 0.0], [0.0, 5.656769661097863, 0.0, 0.0, 4.239583658966481, 0.0, 4.472378105662488, 3.827131365933645, 0.0, 0.0, 4.386609848568648, 0.0, 2.1425727134051247, 0.0, 0.0, 2.339015326323415, 3.449694431954921, 0.0, 0.0, 5.272227555774673, 0.0, 2.9642478093927838, 0.0, 3.928552426564801, 0.0, 4.396752149010449, 2.521054017267962, 0.0, 0.0, 1.5984438439897395], [0.0, 0.0, 0.0, 0.0, 0.0, 0.0, 0.0, 2.2387907787229024, 0.0, 0.0, 2.969035685576536, 2.1425727134051247, 0.0, 3.1210692155685464, 2.928727525318166, 0.0, 4.150513112120038, 5.180167363599828, 0.0, 4.90297372645865, 0.0, 0.0, 4.666813328018455, 2.8677608573602225, 4.941759286803073, 0.0, 0.0, 2.204939119123286, 0.0, 4.216195819175286], [4.307980467666313, 3.606704020852967, 1.4242399682859972, 2.766415301532855, 2.1452623621658695, 0.0, 0.0, 2.6372134136237895, 0.0, 5.4872770615073865, 0.0, 0.0, 3.1210692155685464, 0.0, 3.840300425882462, 1.08727631817997, 0.0, 3.255874276591481, 0.0, 0.0, 4.791030298779637, 0.0, 0.0, 0.0, 0.0, 2.1902560317601467, 2.396900517109515, 3.1537569001069814, 0.0, 0.0], [4.621241855276922, 2.452774203917295, 3.5585176816649997, 3.8205454773787193, 0.0, 0.0, 0.0, 3.9797785659955647, 4.523205377612973, 4.7495115816828175, 3.050663916235489, 0.0, 2.928727525318166, 3.840300425882462, 0.0, 3.408649644609192, 3.5653354731232443, 4.0584033809757285, 3.8427743446476743, 3.267520942213748, 4.895554678752374, 4.897456119681383, 0.0, 0.0, 0.0, 3.7940635919007732, 3.0060347638197644, 2.4278051879224765, 3.8623677481552146, 4.468263723513224], [0.0, 0.0, 2.3827345724567985, 0.0, 3.6138658126764813, 3.6242564875561696, 0.0, 1.8443267863223731, 0.0, 0.0, 4.352983814264098, 2.339015326323415, 0.0, 1.08727631817997, 3.408649644609192, 0.0, 3.816833548272675, 0.0, 2.663101228485643, 4.162262240268669, 0.0, 0.0, 3.3372329225305934, 0.0, 0.0, 4.04785758136413, 2.7168096827541683, 2.0362614166313477, 5.052149477124276, 1.9165678082148867], [0.0, 0.0, 5.0025841006185585, 4.41256815008194, 0.0, 3.5900839311792536, 4.339891569070206, 0.0, 0.0, 0.0, 5.058787688807405, 3.449694431954921, 4.150513112120038, 0.0, 3.5653354731232443, 3.816833548272675, 0.0, 0.0, 3.127458929790105, 4.203683017698247, 3.309721480421854, 4.344996871642756, 5.163715152648249, 4.342252079630749, 0.0, 3.0720587053230455, 3.826839634223507, 0.0, 0.0, 4.714572989319865], [0.0, 2.651665446740215, 3.4845759123005626, 0.0, 3.2078281846296828, 0.0, 0.0, 2.6292511309022726, 0.0, 5.564085383786434, 1.8667742947720334, 0.0, 5.180167363599828, 3.255874276591481, 4.0584033809757285, 0.0, 0.0, 0.0, 3.8350213498952535, 0.0, 0.0, 2.668758830452636, 3.2658343520462347, 0.0, 0.0, 2.446439937357226, 3.853910119431101, 2.868313988547557, 0.0, 0.0], [0.0, 4.031640109333626, 1.7283059477349236, 3.8059178827330813, 0.0, 4.746991787528939, 3.7355059189066537, 2.147688745307625, 5.599159228239967, 0.0, 3.7619698305745803, 0.0, 0.0, 0.0, 3.8427743446476743, 2.663101228485643, 3.127458929790105, 3.8350213498952535, 0.0, 0.0, 0.0, 3.4709593257381774, 5.085545825685763, 0.0, 3.996333252568011, 0.0, 0.0, 3.5713577902813265, 2.8660005772423864, 0.0], [0.0, 3.2946856840623187, 0.0, 4.371338690900874, 4.174097740221171, 0.0, 0.0, 0.0, 0.0, 0.0, 0.0, 5.272227555774673, 4.90297372645865, 0.0, 3.267520942213748, 4.162262240268669, 4.203683017698247, 0.0, 0.0, 0.0, 4.49098665718167, 3.678597996597022, 0.0, 2.689795360409581, 0.0, 4.636843894414074, 2.278652281346885, 4.944481415979218, 0.0, 5.757634923326251], [3.704592871242818, 2.9242776485940234, 3.0558966983648572, 0.0, 0.0, 4.477493368681054, 2.50041657900526, 0.0, 4.713816155546089, 1.8265781422960177, 0.0, 0.0, 0.0, 4.791030298779637, 4.895554678752374, 0.0, 3.309721480421854, 0.0, 0.0, 4.49098665718167, 0.0, 0.0, 0.0, 0.0, 3.5782249545557825, 0.0, 0.0, 1.390025702535291, 1.8150707790330813, 4.852100355397875], [0.0, 0.0, 0.0, 2.516065718003805, 1.8001557632277727, 3.385824417588662, 4.484099092344328, 0.0, 3.3209658866845735, 3.513778194030636, 0.0, 2.9642478093927838, 0.0, 0.0, 4.897456119681383, 0.0, 4.344996871642756, 2.668758830452636, 3.4709593257381774, 3.678597996597022, 0.0, 0.0, 0.0, 0.0, 0.0, 4.305497243708324, 0.0, 0.0, 3.39908710752188, 0.0], [3.897232901058443, 0.0, 0.0, 0.0, 0.0, 2.227525063469229, 4.490133175106283, 0.0, 0.0, 1.38083787249293, 3.6810823839043794, 0.0, 4.666813328018455, 0.0, 0.0, 3.3372329225305934, 5.163715152648249, 3.2658343520462347, 5.085545825685763, 0.0, 0.0, 0.0, 0.0, 3.6853996671091824, 4.188370424991926, 3.721672567289242, 2.0755420282548958, 0.0, 3.8970727976571027, 0.0], [5.1635315682898, 3.7417486782852576, 4.556057362190375, 2.8110137533043362, 0.0, 4.939619599120166, 0.0, 4.716489144429613, 0.0, 0.0, 0.0, 3.928552426564801, 2.8677608573602225, 0.0, 0.0, 0.0, 4.342252079630749, 0.0, 0.0, 2.689795360409581, 0.0, 0.0, 3.6853996671091824, 0.0, 0.0, 3.5837213044138037, 3.048725691359699, 2.9935968654255354, 4.416576646438152, 3.78967741753369], [3.0789735217184298, 0.0, 0.0, 1.6252651414897028, 0.0, 0.0, 0.0, 4.229964889150246, 0.0, 0.0, 0.0, 0.0, 4.941759286803073, 0.0, 0.0, 0.0, 0.0, 0.0, 3.996333252568011, 0.0, 3.5782249545557825, 0.0, 4.188370424991926, 0.0, 0.0, 0.0, 1.7330022219018986, 0.0, 4.156047735976934, 4.103540215320812], [0.0, 4.387267458116225, 2.273225509349966, 3.129880233053526, 0.0, 3.1107106532200595, 5.383086667559084, 0.0, 0.0, 0.0, 3.1455066629841504, 4.396752149010449, 0.0, 2.1902560317601467, 3.7940635919007732, 4.04785758136413, 3.0720587053230455, 2.446439937357226, 0.0, 4.636843894414074, 0.0, 4.305497243708324, 3.721672567289242, 3.5837213044138037, 0.0, 0.0, 0.0, 4.677479103569552, 0.0, 0.0], [2.902430883693488, 3.328508721272391, 3.5238005589096737, 2.804603243328403, 0.0, 0.0, 2.761911668775406, 1.7818015173877826, 2.85630552335461, 3.9373881950676597, 0.0, 2.521054017267962, 0.0, 2.396900517109515, 3.0060347638197644, 2.7168096827541683, 3.826839634223507, 3.853910119431101, 0.0, 2.278652281346885, 0.0, 0.0, 2.0755420282548958, 3.048725691359699, 1.7330022219018986, 0.0, 0.0, 0.0, 0.0, 0.0], [0.0, 4.8858117500453115, 2.858620891378785, 4.917787152048753, 4.306224079480042, 0.0, 0.0, 4.950802511098548, 4.615150126032931, 0.0, 0.0, 0.0, 2.204939119123286, 3.1537569001069814, 2.4278051879224765, 2.0362614166313477, 0.0, 2.868313988547557, 3.5713577902813265, 4.944481415979218, 1.390025702535291, 0.0, 0.0, 2.9935968654255354, 0.0, 4.677479103569552, 0.0, 0.0, 2.645603723891977, 0.0], [4.019356543970101, 3.1871564107903403, 0.0, 0.0, 0.0, 3.1570133701813092, 2.6184634706505703, 4.23703897788932, 0.0, 0.0, 2.6071306231933913, 0.0, 0.0, 0.0, 3.8623677481552146, 5.052149477124276, 0.0, 0.0, 2.8660005772423864, 0.0, 1.8150707790330813, 3.39908710752188, 3.8970727976571027, 4.416576646438152, 4.156047735976934, 0.0, 0.0, 2.645603723891977, 0.0, 1.3424025723587634], [3.3678569631323096, 3.216830162788975, 2.686676562171879, 3.7445558499227998, 2.8544632143343076, 0.0, 2.9906806752127855, 4.321549949940617, 3.9803864578260306, 2.983973225633237, 0.0, 1.5984438439897395, 4.216195819175286, 0.0, 4.468263723513224, 1.9165678082148867, 4.714572989319865, 0.0, 0.0, 5.757634923326251, 4.852100355397875, 0.0, 0.0, 3.78967741753369, 4.103540215320812, 0.0, 0.0, 0.0, 1.3424025723587634, 0.0]], [[0.1, 0.1, 0.1, 0.1, 0.1, 0.1, 0.1, 0.1, 0.1, 0.1, 0.5, 0.5, 0.5, 0.5, 0.5, 0.5, 0.5, 0.5, 0.5, 0.5, 1, 1, 1, 1, 1, 1, 1, 1, 1, 1, 1.5, 1.5, 1.5, 1.5, 1.5, 1.5, 1.5, 1.5, 1.5, 1.5, 2, 2, 2, 2, 2, 2, 2, 2, 2, 2, 3, 3, 3, 3, 3, 3, 3, 3, 3, 3, 4, 4, 4, 4, 4, 4, 4, 4, 4, 4, 5, 5, 5, 5, 5, 5, 5, 5, 5, 5, 7.5, 7.5, 7.5, 7.5, 7.5, 7.5, 7.5, 7.5, 7.5, 7.5, 10, 10, 10, 10, 10, 10, 10, 10, 10, 10], [50.0, 25.0, 37.5, 31.25, 28.125, 29.6875, 28.90625, 28.515625, 28.3203125, 28.22265625, 50.0, 25.0, 37.5, 43.75, 40.625, 39.0625, 39.84375, 40.234375, 40.4296875, 40.33203125, 50.0, 25.0, 37.5, 43.75, 40.625, 42.1875, 41.40625, 41.015625, 40.8203125, 40.91796875, 50.0, 25.0, 37.5, 43.75, 40.625, 42.1875, 41.40625, 41.015625, 41.2109375, 41.30859375, 50.0, 25.0, 37.5, 43.75, 40.625, 42.1875, 41.40625, 41.796875, 41.6015625, 41.50390625, 50.0, 25.0, 37.5, 43.75, 40.625, 42.1875, 41.40625, 41.796875, 41.9921875, 41.89453125, 50.0, 25.0, 37.5, 43.75, 40.625, 42.1875, 41.40625, 41.796875, 41.9921875, 42.08984375, 50.0, 25.0, 37.5, 43.75, 40.625, 42.1875, 42.96875, 42.578125, 42.3828125, 42.28515625, 50.0, 25.0, 37.5, 43.75, 40.625, 42.1875, 42.96875, 42.578125, 42.3828125, 42.28515625, 50.0, 25.0, 37.5, 43.75, 40.625, 42.1875, 42.96875, 42.578125, 42.3828125, 42.48046875], [[354.70739388291383, 2886.58146940543, 504.45937258486794, 779.9704727442839, 1518.1177037129416, 660.3787505689654, 2349.152534825909, 2917.4610186858267, 2839.994308986657, 233.1711562363741, 1526.7246928952743, 389.83515980540517, 2633.5293370637296, 2265.971737061389, 1718.2876389011803, 1616.6994857461846, 2391.4389216986306, 1364.667706038058, 248.81860313275084, 748.7686764213843, 2509.4506792772677, 2340.5527071540087, 419.1021618614673, 1952.4951123185701, 2123.5020968909957, 454.5367902332664, 1230.6471349189057, 1722.0944701951046, 87.63224705264949, 789.7175889920019], [907.8821405866951, 2041.127842432843, 1075.0182409548527, 2568.8847533562152, 463.99048178895185, 1165.1272827854627, 2321.0178032824724, 661.2742032731854, 1798.298087650634, 1689.0921013415546, 1655.0405156050708, 352.7645396554321, 2235.0582060375527, 181.33331677637844, 1288.6671906701727, 810.3537768125084, 709.7565180820233, 2868.7201339339294, 2049.0414102226473, 2778.53048010205, 2922.623121804865, 146.54127994919176, 2671.1640098478765, 1387.831399338121, 2052.975254273624, 2896.9859054279236, 429.99991967608076, 1070.8999952192305, 2787.117921610649, 2497.9428822022137], [1036.6137489485254, 636.5181261184294, 2474.759924459997, 2267.244706602539, 1049.9561425733523, 2427.0574756878746, 2991.010622499402, 1093.682398881658, 2070.4820679656773, 1824.5482065086678, 348.3858071434049, 1593.7757748737238, 672.7214318131604, 353.2560093669864, 1246.4027372646167, 1478.2489549428199, 2540.40588666861, 63.75555950826672, 2397.6644465885843, 889.36111026085, 1801.4247920859414, 647.7779976746596, 253.66869278165927, 272.0926282031234, 63.77835682700217, 2681.2037132905007, 284.60775722539864, 1467.8808745316937, 1017.3411113392631, 2676.3610300500745], [2886.4509082619334, 1110.3550035116214, 964.2871732002587, 1236.3617633338367, 149.90394625921755, 2814.388485933136, 376.8211968093276, 1201.3957646247247, 1774.4568840395418, 528.3161665478266, 1081.324457332761, 1798.3049567880228, 1127.3960064465755, 2089.524288153284, 1986.2918051749552, 2454.46008536952, 1070.1965606337965, 2732.4192189273767, 2242.3378961786943, 2138.3124201638034, 865.4834993925496, 1989.589880906336, 2186.2102125469037, 2175.594471766741, 2811.5077201163244, 209.13907635225092, 1985.3065514398195, 2071.1431518033523, 2107.7497172388357, 534.7155944270421], [2324.409256933278, 2860.9525972610513, 212.91031394618798, 1210.8356342184775, 2686.463900852031, 1130.5287688497565, 2005.3094493320496, 1774.975758376743, 1155.8985748976265, 749.7378513111518, 1687.2050484655733, 470.0097508514528, 2961.2903315078315, 1534.4919285607536, 1239.4392704572138, 83.9039344143574, 1108.0567508806969, 1233.1211071482123, 101.18675053714632, 2526.9567939570666, 795.167760957183, 133.13380907463258, 2266.136663531767, 1529.0959601259658, 770.769370708834, 2043.425344249215, 610.8702847316321, 2443.718574003018, 1306.1613774192185, 2072.91618816708], [2987.7008873622367, 2655.7520971913873, 922.2623717884887, 650.2315594614305, 2491.046063622233, 1316.8999469339883, 834.5128844228143, 1993.4995710403161, 2217.811184549165, 656.7685834507465, 2174.607780130012, 1329.3768006655234, 1473.6616451768368, 111.4645635435325, 2536.75726495122, 690.7422183424899, 2759.100781331573, 1920.955933613177, 427.20650445684737, 2369.7657201722236, 1042.980286140967, 1828.5957656002536, 647.5102224350727, 970.1395005018695, 2243.7484694882987, 1998.3257010786756, 2359.675499073134, 2453.5218847908473, 2280.2643248013983, 1373.5321070743955], [1000.0820494967016, 2548.5920668477734, 557.4551492321345, 314.26567365924785, 1598.438666020013, 4.296665982806869, 1426.3082225103867, 465.9664634464874, 204.88946538010268, 341.56655966239833, 870.814184011956, 505.1802147284918, 667.7392288735573, 1180.3482885799128, 2555.2337963849136, 1032.3278743585981, 1134.5626398901254, 552.3795889667379, 2958.3508745021077, 2847.032824246063, 2402.845751557052, 269.35935754698994, 435.59971502781946, 1562.692720693164, 986.3730972733189, 1659.875841682701, 2968.226837577685, 1817.298706015368, 422.5137479805451, 1816.0194213092666], [1010.4603716299915, 2921.196412397004, 2802.550586474815, 544.9310925998784, 2600.6677583390106, 1856.519822657037, 908.8030816162484, 182.69038815573967, 51.69060962441818, 2246.0059118544236, 1671.0054687930992, 11.290304796932382, 2051.6928446989837, 1996.3677831441676, 906.3861861737232, 1892.5317269767456, 1735.9108757736817, 510.39687964416436, 1708.3679209336035, 121.61662167924491, 35.18648745160924, 2501.6564806325837, 1575.0384798519233, 100.94050729315262, 31.327054827150146, 1437.1725600176362, 496.5950344959377, 2085.069512604562, 877.0786402415677, 700.5999410756873], [1888.6459642818195, 2163.772041615541, 159.32618200568527, 1841.8611384602539, 2582.7649026370173, 2254.8666038011834, 939.6698841179746, 2738.6014492657437, 588.5044906506874, 1409.8296815180593, 2680.0650658044738, 734.137027324821, 1701.5129433499985, 1310.1911123139362, 1091.2396374217908, 2361.0480003245366, 324.9893169366046, 1673.431327644375, 2083.090338610455, 2505.5186271500634, 567.5445048815861, 2690.71715739142, 2315.845599261133, 2000.7164415760685, 1514.6587361464533, 2869.8806210899365, 2195.9579541143007, 1808.8712003538058, 1838.8246282862638, 996.5576338493851], [2757.6075125164157, 1438.9358087560502, 2534.1426861188365, 2039.8374814816975, 1266.8150867565778, 2264.162017378483, 1335.9916635999884, 2795.8298706679693, 560.0952678040281, 1923.7873657713258, 1902.2052436856156, 27.891700460865977, 2733.7861100895157, 2864.248833161469, 2392.1580415176536, 583.4830293307501, 852.3975451823019, 243.23716679433304, 2073.899703041407, 16.82555432236765, 169.78724626944265, 2886.8059428455476, 2399.62054924232, 1540.9456296923418, 2845.900560527075, 2945.428474271409, 1348.1834072764786, 2982.267297209029, 2794.4449111791264, 2197.925024601566], [842.9880344438305, 803.4462760315745, 339.68771677680365, 2625.4995431475854, 1847.874813325452, 2279.699779674632, 955.6629280543281, 2457.549615989607, 1033.3141583438062, 1570.943360094159, 345.2733659920355, 1132.103463030339, 1710.7256077418538, 1594.477447594742, 2734.1379173646437, 539.643573535514, 2214.9098397340927, 886.9694851123978, 575.2371966929161, 1426.980690901403, 1089.1149002486063, 1643.6939080015584, 2491.395623029145, 429.4995296961475, 2671.344999007103, 1515.1886905712786, 272.1663847448409, 443.1666390044601, 2849.0950584576317, 1336.6710575151772], [1274.7057817081588, 2166.97865628234, 466.2082116221119, 187.99797546602514, 1136.3050165058619, 2710.5758096297695, 422.9423116149391, 691.3805555122332, 1638.1932417539067, 2990.2183968324593, 807.7380523566103, 734.5613657552926, 1527.8652540578219, 2271.675417115853, 1737.7729385328364, 2618.8060830525455, 2916.9553661554064, 2553.243928166204, 573.3509460695715, 779.6368193256791, 1846.5658790740858, 596.5452193163187, 1686.5674149087176, 2413.734183295747, 1181.2443979473023, 2460.3297558561308, 2817.5314640841466, 249.93613864831366, 2515.8901951613316, 1760.4646234596232], [954.0101726278436, 470.5668864117867, 1945.1634156112066, 2903.289989830314, 1574.6074855997874, 1959.3975160281382, 378.71125679887496, 1531.915510331307, 2066.85870084246, 1078.6703929381176, 293.71127568992307, 1618.3047981944717, 382.40374471885985, 2181.8960700707103, 660.2936757369154, 668.7500329768858, 1609.5256688990023, 312.5588743334513, 2000.0725888334437, 2708.0148965674966, 2859.3824252722934, 1075.444825393608, 1506.228220937284, 1021.1995270790501, 849.9756972394803, 1765.783437080111, 1814.4803748655038, 965.9335333283157, 2156.029517729092, 665.7141574206258], [199.4340005040056, 2505.3297786714375, 2164.2555649144297, 2420.9496712204823, 2989.6402209150274, 2650.7550059591135, 1245.0969486629403, 1884.8625124492207, 1457.4242634943653, 1928.468169012523, 135.6235359823821, 1727.4867214062017, 1444.5191171411643, 140.23271820958416, 1674.6170673979864, 772.2653806948726, 1883.9584483633505, 2753.016340613303, 2424.3331721646255, 2819.7384471361406, 277.6149308161931, 262.95086993374474, 1837.6651369146168, 454.3903640994714, 1237.3281595551243, 1488.7862604739423, 2044.0340944381337, 2506.4037613850937, 2840.8268311238926, 1693.3239720944857], [1890.658648450067, 82.83678864523137, 2676.2637782797974, 2131.307949196938, 1519.9895513416939, 1798.181460212858, 2009.0564542324657, 2611.022201688614, 2469.9363052241156, 1859.0487328478355, 893.3531811884283, 2067.021802425915, 2400.070728762114, 892.4753861100468, 1570.0980247528257, 625.1367902565077, 1219.1348801671772, 1181.2692186018814, 2587.855535754267, 1107.3938619269309, 2044.4899294102656, 1905.6951644810656, 236.26165200273996, 1652.3158272858316, 769.7701225815948, 224.7278122233496, 1715.6194043699388, 2326.239521416674, 2101.0542271157237, 2199.437009999838], [552.9833849539241, 1670.2462420361528, 2715.7430849019775, 2739.3297958073504, 1024.3513809802075, 2925.9768090331518, 1036.201729232859, 372.30179210806193, 319.3125078888062, 1613.9054714097967, 2719.1765421055547, 1608.9710129308028, 824.430191695294, 2458.625636341969, 1248.1659411704377, 599.1286969142305, 2659.560522363272, 1722.7645534204219, 877.966285673125, 928.3776483290053, 1752.9286814828993, 2555.8711146902237, 194.80426109819982, 1891.8745656809149, 2056.635769582289, 1970.873875577742, 1694.5639024316747, 1817.6323990637834, 1986.016195255611, 872.6877820659454], [1867.5547374984897, 2966.6061742217307, 71.98108692418393, 1163.6411896830004, 1337.3900193682875, 572.8424101431362, 619.0983384763201, 1174.399922813463, 387.3161202349046, 912.5864717352633, 1412.8740211883633, 1185.4219917126204, 1856.3017227492912, 2464.3798997803437, 1857.8701393229203, 1558.3367491260651, 2571.953573307014, 45.12342578082751, 1041.2419516307739, 434.97953067341234, 439.96219925111814, 803.5611999367171, 1337.272739395432, 1974.9927278968144, 1800.0483714084173, 2999.39752206847, 2806.2350812533764, 1856.0506176856993, 2054.119594408324, 2253.0391300758097], [13.51726316372237, 1086.4894307910931, 1813.282680029586, 335.79609239098164, 1390.6169640975254, 981.2315563862676, 331.3069594512088, 2832.1493796979694, 1289.6167436889202, 377.15322543276164, 2565.7980972132427, 1758.0598751796401, 2136.257545809442, 2941.137742665874, 224.20199534989328, 2265.243304350344, 1110.1337885143978, 513.3662449514188, 519.1764890082567, 1115.1252224786144, 1268.3629524712717, 886.1409233941561, 1357.0554222724224, 140.17109035320706, 1206.2560887395898, 1477.6909176957968, 2676.460159197638, 1395.147503314826, 1796.5640848199944, 2687.57281260418], [2620.013260828299, 435.13875144879586, 2351.1334920460877, 1552.1829019973065, 250.95186714620067, 1518.2606658649433, 70.52388351722682, 1857.4737007452795, 1559.9804923542758, 2991.9214938230853, 1439.8780372084834, 1231.2464251437552, 2433.628222153603, 841.6561528432844, 668.6340084725584, 1396.095317350323, 2389.079275558766, 2570.013178634066, 739.6040328899492, 1214.0860339425376, 1097.6088909164907, 196.15962549709775, 700.6689093948554, 2372.416970858401, 1076.0840429844332, 771.5900415695183, 1550.0609668361383, 1304.6604896275178, 1702.2878091934288, 2532.3203997649703], [1833.7091336958476, 738.168840461706, 2954.6682021250363, 222.03515306555965, 46.96759706004927, 2219.8555616802064, 723.9064817950639, 1144.092431854021, 2330.716214908283, 837.3701408258136, 1745.5297386147697, 669.6783203930655, 2225.941534687885, 975.2487292226398, 2504.1850365186415, 2481.2189419582155, 847.5312095072195, 2186.0198943631917, 2363.2206584369505, 2669.0803708978483, 2300.809102293348, 159.8802477756286, 618.9223067725961, 740.4615218179754, 179.9012249411247, 1898.9031699830189, 1671.9580219635718, 1932.2287743172792, 1383.865610807187, 98.92911826205464], [1651.3134510803686, 1939.4428051572706, 1222.9307863832996, 2112.546403793548, 1608.7679914151786, 2457.189825155174, 2752.9397812397947, 531.2931644152388, 14.267809099578809, 1492.7631297210964, 1244.000163763094, 2013.190969526458, 579.0542180284307, 2554.247105834815, 2397.4179126110857, 2183.1096902992954, 617.2326896351437, 2602.485015364, 1433.767979266964, 2785.436898675016, 1325.067679695255, 570.3017403798857, 2140.415162879728, 161.03726098792802, 2239.189225649195, 1711.2888772082383, 2247.400395215055, 842.3069611466656, 708.9404818424861, 2266.511537297776], [1562.5042785653138, 890.118959650563, 2103.073669882171, 2068.331261513469, 2392.0175540852742, 1037.202808859509, 1907.4876881656078, 2296.80974458873, 327.4775397311641, 2058.0281603713934, 1740.6813041398427, 199.2562010760367, 903.1595240358414, 1375.5368121578408, 2308.389985980897, 1383.192595549725, 540.8195591351553, 1755.3176271833156, 2883.371291399118, 2429.3520637769375, 839.7064799771723, 1835.3552455224112, 2072.9503206965715, 2636.9281206115156, 1830.2277248761245, 1208.5628215132447, 1028.2534960213065, 883.5678470340898, 310.33912680203844, 263.9149213443157], [209.0355368550969, 200.13368118553353, 2388.3367552286045, 504.30650399826004, 1324.2810222921448, 7.4014541766003195, 2460.918607640858, 2659.413037790393, 837.0767637973947, 401.0424366391535, 602.163158196122, 2209.1260119749404, 2798.9469675932824, 1865.166966016912, 2965.2134545941008, 2663.8843515603494, 812.6464261514517, 2767.697337211912, 160.2909806810846, 1090.337013818447, 2846.1779860467313, 395.8111905681848, 381.75146097585355, 2628.735146817667, 701.1666537921807, 2617.651568242071, 811.0352125179157, 848.4685797921536, 1383.934262227464, 1814.8108710755787], [2348.0880820353545, 426.3526036975146, 2872.9801657524395, 1097.0167444903384, 2505.260161609571, 1793.2304802363751, 396.2873865994676, 684.6071819596012, 2237.4051190037103, 669.7215883147151, 244.7698115339444, 2694.2552185090926, 2117.29751542976, 779.7403454904616, 5.45590134479057, 2752.6721501330408, 901.9654642081766, 2803.358391542106, 1405.6434055121713, 966.1564566826673, 1143.8563586164314, 851.3194934841428, 611.0533553511012, 1931.1641033205635, 294.92240433339134, 1162.5846410652468, 1308.2830878218435, 516.4579448719301, 2709.383074215838, 86.67518984180589], [2773.500617885329, 2188.9052698940122, 566.6706291171254, 421.379113759148, 922.2241648554826, 423.6228265737002, 2516.2359603956534, 832.5042123553551, 862.0381719441812, 911.148883015835, 300.47418876796416, 2777.845389414237, 791.3224623943071, 2694.003707437345, 1644.689563272408, 1587.9373259870772, 2789.149177854687, 1316.299426156106, 1090.1237256402094, 1955.1845583140152, 1721.1520134500097, 2985.070640303787, 1631.0647333612606, 2742.047390251976, 244.1694842058898, 1496.442683214088, 1521.7940675059035, 714.5129966431539, 2987.9802978977436, 1176.8921714402575], [1499.855628698458, 2761.3801155921515, 34.17412215561222, 1116.9662546469096, 1083.7344476754267, 1567.3432608601167, 460.4765090285585, 1545.0998935937766, 1024.6606983569827, 2399.4070478202248, 2978.2001731514806, 177.65244645964228, 2400.468177643462, 2974.863605229735, 1865.5475590729882, 93.6167324908349, 1089.7405611095014, 1722.9248666321887, 1507.3951477424855, 1352.0840824695129, 516.0661884089211, 2032.323581953811, 1322.7306910609286, 1193.679302635561, 331.0966152210644, 2541.8128846487266, 1195.435895572867, 2425.8590408454056, 306.62338540950475, 385.5339983120618], [1037.5940042236275, 768.9835835171618, 2868.4449545690177, 911.0470778112932, 2089.8018078102064, 1340.680576857442, 264.60238357064435, 2557.7399072137505, 157.74597997758332, 433.50152732346925, 1169.416365222447, 1547.1760368818461, 816.3941736897764, 2649.6068923799658, 171.22259085938396, 2636.5909984972473, 2217.5348031310355, 793.8182396104752, 2985.095400106192, 2342.2414205258424, 682.6542114637828, 140.3023807931678, 2694.7605372392723, 2919.4037299690453, 2460.3133123090934, 2838.18019566236, 1435.4597231252524, 709.0587615657178, 229.93159207859014, 421.5017019512062], [1501.1970928571197, 332.81215574782595, 2168.5707686364076, 392.2073106582372, 745.217719467724, 1383.6149839847528, 2594.8852114862766, 1234.5539393731972, 1489.172967457128, 117.64255942588653, 99.40749656628512, 2876.233441835906, 2213.1788870005225, 87.89978238612606, 290.79959344496467, 709.5495310771063, 2017.8881897454144, 1475.6870249228887, 221.7947725067203, 250.30898135392064, 1790.829705434179, 388.96326305258134, 554.8904555988298, 1257.8602912465933, 1833.990254906364, 695.0078517643474, 353.9589188286356, 2276.9637461972793, 2633.7205981869233, 1238.2111340284443], [2622.737915973392, 1552.3635314332607, 2679.868792070703, 2733.662751585068, 2206.9919540170895, 1714.845165705465, 1642.1752967022405, 2656.894290750582, 1166.9051208148228, 1705.2934312867576, 1906.0436626627406, 2417.2920330286424, 2980.3086117569064, 1488.8243125659496, 6.726370781601987, 389.67923656748303, 2429.877964330285, 1293.2473019405961, 684.1429244075223, 2468.684784172384, 2381.801864809361, 1406.4986290127026, 1232.67086462522, 2512.466213144455, 1524.077102379865, 719.7324871162489, 333.8567944226381, 1537.6401279265049, 2828.2858112142885, 1402.1322406010909], [2024.3120776737426, 1929.9834734628835, 2410.3328539430086, 1570.2903127905604, 1909.273685475953, 2576.048820673454, 2041.4618532408429, 490.2800047931507, 2218.2590222341787, 1323.2647892519224, 918.9483895056215, 2769.3720412808, 795.667308997364, 1668.0961455083434, 909.5424326498193, 2010.6391609099514, 520.2345180462033, 2383.5204590437274, 151.11943507090663, 555.6167266082413, 919.4090244203061, 811.5228352142653, 2544.4486218738643, 1654.2449807144917, 892.0214885224372, 2797.7911242290265, 604.1373439426413, 415.2564075577952, 2441.481886738455, 10.835898644454222], [1815.0446418721212, 1379.313072764241, 76.7048070809212, 2223.498009981086, 1371.922894186137, 1892.5383953459886, 2491.1181236080656, 2063.485458827511, 1013.1189725724188, 209.28192739408846, 1954.5774009949926, 1870.331032132279, 2271.5690933413434, 1388.1157329112707, 2407.424404525143, 782.1071694676737, 2141.7230680422203, 2550.1634791228444, 2127.7883764690964, 1236.0597624682882, 2155.569970158183, 864.0293447188776, 1278.4815862696064, 415.92606146042556, 2385.2959829688357, 2186.2842823594156, 1502.05493567653, 2881.1598296447005, 2681.1841589182345, 1220.5232160800606], [2555.681985977881, 1013.1631812005813, 2813.102002097662, 459.4120899214047, 1171.8360432118493, 334.8719717796924, 2849.555199497592, 1361.0847490007668, 1587.4225701279177, 130.4028522152696, 2570.102962661177, 1300.264045321636, 627.8033874100886, 2765.557990191989, 1312.2284052337195, 2910.0014545591775, 2866.7287537947977, 1244.9269246328302, 2762.8611599719534, 2640.3050243265684, 974.3081750152613, 1143.9545668553967, 639.048395234083, 1640.156622829458, 1661.6393110829754, 1471.5137698805422, 2038.7435469683392, 2896.4180948647, 2016.6757662784723, 2572.9710961170517], [436.1383992170267, 1928.8853189872655, 939.414054851207, 1269.471089146584, 2575.069014943837, 1894.9964351383635, 1529.6070434572175, 2132.2971276139538, 178.8914086062322, 430.77067917091915, 1291.712919670934, 2523.5073416809855, 634.3395219553951, 1356.5537446064807, 811.2269297810527, 634.0615653859347, 1424.0499441551017, 151.8821203566274, 1578.0657312082717, 2082.3818151006453, 592.4924233791104, 1709.6801845210605, 1538.7812845260219, 221.59352491396723, 1572.799037357842, 678.6334779479873, 2258.951041142267, 2588.0364573405404, 2270.828188908932, 821.1826756562999], [375.9091439027815, 160.61024384177946, 2640.9664380706745, 1464.1119413459896, 2451.21782976501, 1186.695737125016, 1854.5748857656138, 1161.2678804831953, 284.1972059697595, 1120.4729534907472, 1285.272847097708, 2476.725171935486, 716.9659871111876, 2731.996195842436, 1910.4571610519474, 1004.3557445738032, 2770.623004273474, 81.80077243758555, 773.248727133862, 854.3129293553119, 334.3612746923649, 1553.7750262010302, 2011.9955664874112, 2709.2278241658955, 2680.8708945515987, 281.2366001520384, 1323.1137787281823, 2461.004958951818, 2374.487480214326, 2158.659391810249], [1355.6891513524479, 822.3267476860667, 2079.4592135406615, 1415.7292763842206, 451.9834761847558, 1801.330962289209, 162.67788006725593, 1616.2232502723296, 2719.981893176204, 581.4133478771458, 66.18995909368464, 2043.5008766194887, 2698.993379155856, 357.2654625675103, 1109.7474796163547, 1783.1009868365093, 1315.9707709357, 2608.424491177545, 2883.2318953759464, 1600.7170940646583, 2675.967023785002, 814.298163185165, 1883.573189459504, 1351.6117009187453, 1421.8922492121671, 1696.1751089198804, 299.33176246466377, 921.6926936865012, 76.68816872393369, 551.372887872616], [950.8897821993796, 2987.7938514781545, 35.5693577907944, 148.00420012511105, 1646.6100027290065, 321.0740845804706, 2742.11411571891, 2974.5007172004307, 320.05233292472013, 1740.858163028048, 541.5882715390183, 1509.1884322382807, 1499.9676968036779, 1087.5836307650222, 2767.5031674796937, 1652.1273159789148, 1670.134894355456, 516.4044754643505, 1556.169276472672, 2644.5482183364907, 2916.733307323787, 1543.5370626142292, 416.20124558988334, 2050.6611580818662, 70.82610410435097, 2464.838431538877, 65.01902664120107, 2533.517514801152, 919.3944907479041, 2619.0059903307792], [273.90870777126486, 1358.7263834607204, 393.3512537247583, 873.3614996218812, 780.7271161041483, 2050.7764509722406, 1216.4134111274332, 1283.0196154177033, 2617.7440818273753, 1505.5305227866495, 296.8741482628939, 306.3672258467719, 749.5539006236025, 983.8936263590748, 797.5493141280884, 1185.4136887737525, 266.92097778476756, 2618.9816167807253, 1746.4558902010817, 2869.8399396159734, 7.617363231128049, 2180.471923947738, 464.78664493674114, 1225.2459329675744, 1818.1505149987959, 521.486489778065, 1675.356734129848, 2040.9281580065256, 2657.1533449160374, 2639.3498277123667], [2857.5312044388047, 1584.3603480992595, 2551.6464666705415, 2037.3526429474205, 1124.351729432614, 1785.0201813586218, 1188.7035755546403, 1375.6725539314054, 1618.2263867346026, 1021.0005707608987, 1359.8436072653737, 1207.883169582796, 353.56451584283275, 2623.6790538827686, 2385.3728479818983, 1762.3277611670992, 414.3164767557731, 2607.7922971120606, 1757.0937976247292, 2628.055115134782, 1143.8518764781832, 523.2631351258257, 2043.4900351023105, 204.97819485711344, 1907.8196595240108, 1976.0364775404098, 1332.9968262759694, 2428.511857390411, 2788.2075168219817, 650.8577110734284], [1762.7740488728498, 444.98492179589897, 684.1049279073901, 868.1341378648723, 2308.361873998272, 727.9818081849285, 1792.8036169066092, 1971.9026847764221, 2967.336690331113, 1944.2174123517977, 1107.0953580083076, 1697.4566581081317, 1280.4469878387408, 946.5049509134502, 226.56708823491078, 1649.8130916770397, 664.6193927368821, 2212.975372265274, 2849.8206891172904, 2140.6621859986476, 1256.1068060055168, 2762.4345337985324, 2784.076797150801, 1073.303242674774, 2692.015331164742, 2016.7432938298434, 193.25356345637968, 1206.6298425880098, 627.9781421481706, 2713.189320889485], [2249.7343876197806, 233.8078145784369, 420.3015733727554, 2743.0748344825756, 25.492873090421696, 1259.8375856455184, 1469.821329170162, 892.7061529422633, 400.63864796804904, 278.0134380225907, 1530.6858208085994, 569.9612428837925, 1690.5865257246564, 797.5413772589013, 2118.8732651918926, 895.2323562942266, 2571.9628054265822, 2778.2576525882964, 1616.7793279038792, 174.0394405143809, 2287.320005151506, 1532.0355661740923, 316.62310220909086, 2840.634359858297, 2147.5232447902767, 2515.381285039113, 101.64779506383414, 2086.009117677445, 1791.6304637492171, 1803.2577146249098], [501.0734418113109, 489.2498527183592, 2465.7685374760463, 146.88308255134686, 2169.7717620560693, 241.23510919542602, 1906.2397800219105, 223.4029122861556, 1213.2228960940524, 1920.409008703505, 964.3532273327727, 151.41674744231392, 2267.317432552625, 2440.7659147690133, 2169.0036001668736, 1498.9383113411923, 1095.7680870662086, 2271.2358617076534, 229.4107915432594, 1485.7619418139366, 1903.6812897664654, 2582.7734555197703, 2617.624353064548, 2274.6141744520687, 1339.9737383842653, 2195.1002999227285, 1587.1328959881819, 1475.7340161338584, 232.67889822524944, 1092.0162272207945], [694.6967588598748, 476.89049222483226, 1238.8757693358077, 676.7748958843968, 2745.1589385051448, 725.2871385418825, 2005.1261947486328, 2347.89028631785, 1003.5608924436008, 436.47827199668563, 590.9134963995292, 2386.179738994945, 123.37060259471633, 165.48825435953586, 1170.5284852984382, 613.0642855664931, 114.05400125574249, 538.3106825328359, 856.6435420240513, 2324.9220225552476, 2029.166966323042, 1687.4087526409187, 231.37153514784214, 1864.015282530982, 2116.393385365855, 2445.145325532981, 1625.8279910985398, 2461.1569447244015, 1692.5621455389005, 948.5250533545881], [1493.4523955274026, 2724.2170203734045, 947.4073782261539, 1071.3184951890441, 293.10110692473523, 1707.8180693325153, 1159.164565913305, 514.3203631174689, 1985.6218941596321, 1318.8623060456196, 2746.6605760980333, 180.57774432472405, 1715.19316147668, 2941.8467506651596, 445.5823726400978, 2586.9542275120584, 884.9833344437351, 2209.0749150725123, 2518.797107475952, 230.25713969146466, 96.23731879751263, 797.5580053842959, 1987.7680249094203, 1562.7412886923191, 2129.4985380673115, 1147.1598144853822, 2468.8018936537205, 1638.4587669796847, 949.9280868599135, 2872.9544548211147], [491.2939066328683, 801.4101696617238, 2539.48701578987, 1432.584454473606, 1308.394093339641, 993.5738165088599, 2354.1921253260043, 321.72048447633904, 405.00924920248895, 1571.3641528417504, 2139.024014792205, 1810.6993890567708, 326.60269187452764, 2637.0452468933568, 2329.107541731498, 2534.4172829884096, 205.2136007222285, 2192.040132633298, 233.3026964816296, 974.234945861314, 1049.0756992091915, 2790.777651153139, 603.1429534849137, 1548.3257797379301, 2997.431224379496, 1988.6663483133855, 838.2902298176674, 1771.257776406142, 2843.1110518593587, 2019.5197966617807], [1889.396146929196, 2374.650662982589, 1075.1700027104562, 2323.3430156103313, 915.7271087026254, 2657.0105623245563, 2383.4761812455613, 982.8360922031791, 1837.0122586724153, 883.6073221811461, 2771.6594142791705, 2752.3294555357384, 2258.2754241769303, 1334.8802111711582, 2909.479040993467, 2001.7204547083275, 2950.5850615625363, 1086.7742075071724, 836.3331923574807, 915.0905006844466, 1172.3951060209595, 554.2540546743012, 2013.2323543876025, 582.2012295598411, 1038.586999290559, 1934.703757357911, 1169.6493228968031, 1531.662785458643, 1356.7797428157298, 1513.1797654672202], [2396.3692066822923, 1562.9019234383877, 21.12081289633938, 2430.3796005650197, 20.698894429374004, 2480.5653752389785, 1265.6809702814746, 1455.7729663483058, 924.426567624662, 2440.0055010392134, 691.185906153528, 1827.7587457375603, 191.96373142925515, 2602.8647379873773, 2687.86959121629, 1954.808684342498, 535.3076163134546, 1061.5478880248152, 2378.634027252282, 223.13355728806872, 161.36146009578823, 427.8297611375802, 2230.603246553488, 961.7695541722078, 2087.2342327261485, 2192.3402904068034, 1117.079116712402, 1372.6511880658195, 378.92721224701165, 717.3525942154101], [887.7544851073857, 29.068951796861974, 1861.0235537208741, 2097.9202120042237, 391.03552843641245, 1729.2594655021205, 977.5730809168477, 1173.5626119359551, 2300.4937434119583, 2758.270088692967, 480.5424679026575, 1833.4727335227071, 2327.8315941278056, 225.17810092293445, 2330.2118553168893, 570.1376836190503, 231.52338042687438, 1180.2197367590786, 762