[[[0.0, 1.9042544955456864, 1.678737468608456, 0.0, 1.6371378596542758, 0.0, 0.0, 0.0, 0.0, 1.1475833706620184, 1.8332869085936636, 0.0, 1.3375369152435086, 1.851897656880878, 1.334630532875799, 1.2894319205088145, 1.175250114652581, 1.5862008361290125, 1.597474321258801, 1.2842524030121825, 1.4886900441824968, 1.5808849205252131, 1.4552211701493567, 1.505450468586949, 1.532580392407474, 1.6774386237715606, 0.0, 0.0, 1.4194623431580466, 1.135977876063385], [1.9042544955456864, 0.0, 1.7592664217845755, 1.4085072726500214, 1.495666310995957, 1.6578348951003914, 1.740820761912269, 1.540028528918739, 1.3742520040144157, 1.6935573329258622, 1.5126347336655512, 1.2645397476648457, 1.8270444807334254, 1.8218802907453189, 1.505975540319497, 1.6493404942351209, 1.2102914249719867, 1.4200264262116344, 1.1718672684309634, 1.5349180824712758, 1.7934968517442047, 0.0, 1.5220523840220168, 1.389399923336192, 1.2656942237694935, 1.2934394310418327, 1.1202880418414758, 1.3919633908952043, 1.4490245539017514, 1.616796853587145], [1.678737468608456, 1.7592664217845755, 0.0, 0.0, 1.1069945676305526, 1.5291475556281464, 1.821351890057538, 1.2950467046266207, 1.3915661428922008, 1.0963358894261193, 1.761208745821386, 1.593713669562549, 1.145039057565452, 0.0, 1.6419199005159482, 1.4185609704696662, 1.272212761791782, 1.7029129207496927, 1.7772384793386418, 1.064002566306487, 0.0, 1.6057314763654609, 1.3396089365198929, 0.0, 1.5453429827162575, 1.135678522855359, 1.4179741482718442, 1.219153592367383, 1.4177308233296966, 1.297865480099249], [0.0, 1.4085072726500214, 0.0, 0.0, 1.4603736755148704, 1.4006011760519579, 1.19019271460203, 1.2020785444364126, 1.0634153053477984, 1.772449351645936, 1.2126609078202786, 1.2910670170151661, 1.701895247902101, 1.5915534455340268, 1.485121670101801, 1.212904929926788, 1.2733886469244193, 1.6378812932644689, 1.2481102481954718, 0.0, 1.5276357715861422, 1.4033689329810224, 1.8778338095246996, 1.52588768961712, 1.5566258560840665, 1.5153352738282528, 1.531935558859391, 1.5533202787098412, 1.4906405267568936, 1.4561527473236813], [1.6371378596542758, 1.495666310995957, 1.1069945676305526, 1.4603736755148704, 0.0, 0.0, 1.4531454845797842, 1.3227920406848868, 1.3217427822185854, 1.7634720219402371, 0.0, 1.7544114031027915, 0.0, 1.243707492144122, 1.3847117709400028, 1.5172830265655426, 1.3299039899449305, 0.0, 0.0, 1.6274031396549078, 1.4078703248311148, 1.2695271295203039, 1.2857016226540994, 1.3120323167022225, 1.71261540000285, 1.2860194050377065, 0.0, 1.6401567581321435, 1.4708538810406644, 0.0], [0.0, 1.6578348951003914, 1.5291475556281464, 1.4006011760519579, 0.0, 0.0, 1.2756301357695994, 1.318229611946757, 1.1338784166836957, 0.0, 1.457593567769763, 1.406869257688975, 1.4416933761401518, 1.6639371281142006, 1.398561000169369, 1.5913425009331377, 1.6159610876779094, 1.6611912144551633, 1.5704369871310666, 1.7374229012427937, 1.8047204513245279, 1.6277185237825378, 1.5997214566635827, 0.0, 1.4743616888586786, 0.0, 1.8029654435896831, 1.5539980700824554, 1.2664090760229587, 1.352060314060147], [0.0, 1.740820761912269, 1.821351890057538, 1.19019271460203, 1.4531454845797842, 1.2756301357695994, 0.0, 1.3816854450970513, 1.399708031632205, 1.66223123878826, 1.4715785114851285, 1.620015749756936, 1.7508748234542661, 1.1746403316282379, 0.0, 1.2544836518094133, 1.4423006347074778, 1.1715164403299707, 1.7100388952756125, 1.5392454909122995, 1.877597470602128, 1.7849117470388642, 1.9335247835891356, 1.1170942413225096, 1.7165662214753032, 1.6744009646281255, 1.6714022233169483, 0.0, 0.0, 1.7651973205327556], [0.0, 1.540028528918739, 1.2950467046266207, 1.2020785444364126, 1.3227920406848868, 1.318229611946757, 1.3816854450970513, 0.0, 0.0, 1.3583146164329354, 1.4940391296977868, 0.0, 1.8214312222131268, 1.4784638275309936, 1.3032635197893585, 1.261134236361383, 1.433260264579785, 1.4190601351605927, 0.0, 1.6465541069940577, 1.5433103275921796, 1.680239153321207, 1.6041400730564597, 1.3554112939007932, 0.0, 1.568448330657949, 1.53462106101726, 1.4209547818004187, 1.8909275301224133, 1.6199981644419765], [0.0, 1.3742520040144157, 1.3915661428922008, 1.0634153053477984, 1.3217427822185854, 1.1338784166836957, 1.399708031632205, 0.0, 0.0, 0.0, 1.5305218853750602, 1.0393919435086243, 1.5400464160163123, 1.687659065324954, 0.0, 1.3938266848979255, 1.4140433742069636, 1.0674044956795243, 1.7313897897339772, 1.671902642797296, 1.4319504610621192, 1.725806941377579, 1.2754078818513261, 1.820099458336226, 1.8062101742858268, 1.5469475720119044, 1.3624520665839877, 1.5138077658914, 0.0, 1.524855290145788], [1.1475833706620184, 1.6935573329258622, 1.0963358894261193, 1.772449351645936, 1.7634720219402371, 0.0, 1.66223123878826, 1.3583146164329354, 0.0, 0.0, 1.8827337337791912, 1.8390839887956139, 1.4474619656938577, 1.4787960468434012, 1.4458959868040373, 1.7592576131841438, 1.6747741287412372, 1.8097109894941332, 0.0, 1.6300424423131794, 0.0, 1.7874843634761097, 1.401715427588086, 1.550696281522676, 1.6667123880990053, 1.1746643457699868, 1.4118732154148317, 1.236689871947026, 1.6269099556170472, 0.0], [1.8332869085936636, 1.5126347336655512, 1.761208745821386, 1.2126609078202786, 0.0, 1.457593567769763, 1.4715785114851285, 1.4940391296977868, 1.5305218853750602, 1.8827337337791912, 0.0, 1.6971424822465964, 1.5811304643442496, 1.5766939871504095, 1.2765994135231857, 1.9087041775195734, 1.6252343641143727, 1.317774344629454, 1.2530290844018863, 1.439150879079538, 0.0, 0.0, 1.083564675965281, 1.3984011477180505, 1.4851937340051844, 1.3358692078115957, 1.2985374606351603, 1.4536120992811732, 1.3485073528140226, 1.512074289158822], [0.0, 1.2645397476648457, 1.593713669562549, 1.2910670170151661, 1.7544114031027915, 1.406869257688975, 1.620015749756936, 0.0, 1.0393919435086243, 1.8390839887956139, 1.6971424822465964, 0.0, 0.0, 0.0, 0.0, 1.489066908261119, 0.0, 1.5884693345169447, 1.2263441538713877, 1.8252569470221087, 0.0, 1.7460448197866747, 1.5131359606623604, 1.2876149302336026, 1.5337964074976569, 1.4211737711242802, 1.29720324342959, 1.5107924177014072, 1.7591425911041103, 1.1449234616505968], [1.3375369152435086, 1.8270444807334254, 1.145039057565452, 1.701895247902101, 0.0, 1.4416933761401518, 1.7508748234542661, 1.8214312222131268, 1.5400464160163123, 1.4474619656938577, 1.5811304643442496, 0.0, 0.0, 0.0, 1.3659038245006565, 1.5084675611844702, 1.6014731463711178, 1.606172488096866, 0.0, 1.6953728531860692, 1.8389127858533953, 0.0, 1.33827615254179, 1.768984988792522, 1.6002940888606623, 1.485677599335995, 1.160853319409897, 1.4665175857776713, 1.7634475949455335, 1.4727886418960092], [1.851897656880878, 1.8218802907453189, 0.0, 1.5915534455340268, 1.243707492144122, 1.6639371281142006, 1.1746403316282379, 1.4784638275309936, 1.687659065324954, 1.4787960468434012, 1.5766939871504095, 0.0, 0.0, 0.0, 1.8327359196763586, 1.6473409892392445, 1.7600085175329307, 1.5578525860754535, 1.4580832503638856, 1.5719161211476782, 1.451859526254422, 0.0, 0.0, 1.6864171902732015, 1.296136587701248, 1.2002308709617449, 1.4032175198265104, 1.4371488842039968, 1.2194111867616546, 1.4420653085737143], [1.334630532875799, 1.505975540319497, 1.6419199005159482, 1.485121670101801, 1.3847117709400028, 1.398561000169369, 0.0, 1.3032635197893585, 0.0, 1.4458959868040373, 1.2765994135231857, 0.0, 1.3659038245006565, 1.8327359196763586, 0.0, 1.6550853162749077, 1.3394019280967535, 1.6407670280696758, 1.5424480999636452, 1.7339330496509826, 1.9389576165654085, 1.2292025258699477, 1.198548334405908, 1.4483129455200363, 1.510460080440074, 1.169176018523538, 1.4421819485704004, 1.2772446587741306, 1.3406757548388175, 1.4518798073605743], [1.2894319205088145, 1.6493404942351209, 1.4185609704696662, 1.212904929926788, 1.5172830265655426, 1.5913425009331377, 1.2544836518094133, 1.261134236361383, 1.3938266848979255, 1.7592576131841438, 1.9087041775195734, 1.489066908261119, 1.5084675611844702, 1.6473409892392445, 1.6550853162749077, 0.0, 1.154589533660873, 1.8542303841317398, 1.1657201760290499, 1.5267730799172328, 1.3904436155826225, 1.5237449038038497, 1.4914302051006996, 1.523699162958231, 1.3835188068164803, 1.6033444827930827, 1.491018562116925, 1.7634252933286465, 1.4675219303518259, 1.5683649977485994], [1.175250114652581, 1.2102914249719867, 1.272212761791782, 1.2733886469244193, 1.3299039899449305, 1.6159610876779094, 1.4423006347074778, 1.433260264579785, 1.4140433742069636, 1.6747741287412372, 1.6252343641143727, 0.0, 1.6014731463711178, 1.7600085175329307, 1.3394019280967535, 1.154589533660873, 0.0, 1.3912171714609864, 1.7098680222753453, 1.7035381815533792, 1.7717667631966325, 1.7117718358355896, 1.7588303695747913, 1.603921452691659, 1.2498515521118958, 1.3656020120557204, 1.5514243799579055, 1.2962131339122789, 1.1169339514316867, 1.3374827866029924], [1.5862008361290125, 1.4200264262116344, 1.7029129207496927, 1.6378812932644689, 0.0, 1.6611912144551633, 1.1715164403299707, 1.4190601351605927, 1.0674044956795243, 1.8097109894941332, 1.317774344629454, 1.5884693345169447, 1.606172488096866, 1.5578525860754535, 1.6407670280696758, 1.8542303841317398, 1.3912171714609864, 0.0, 0.0, 1.5395881379536394, 1.2868013033095975, 1.3276837775779784, 1.6112220138076538, 1.2567558221860031, 1.5938346955292872, 1.527148871117739, 1.289793734076017, 1.3880605384969709, 1.6103440159392306, 1.7090257920426242], [1.597474321258801, 1.1718672684309634, 1.7772384793386418, 1.2481102481954718, 0.0, 1.5704369871310666, 1.7100388952756125, 0.0, 1.7313897897339772, 0.0, 1.2530290844018863, 1.2263441538713877, 0.0, 1.4580832503638856, 1.5424480999636452, 1.1657201760290499, 1.7098680222753453, 0.0, 0.0, 1.4079193408026964, 1.3795392793998158, 1.477294087789361, 1.683704943400546, 1.779209526555217, 0.0, 0.0, 1.6090504110576669, 1.7965667632308928, 1.6748947270474905, 1.6924751991892808], [1.2842524030121825, 1.5349180824712758, 1.064002566306487, 0.0, 1.6274031396549078, 1.7374229012427937, 1.5392454909122995, 1.6465541069940577, 1.671902642797296, 1.6300424423131794, 1.439150879079538, 1.8252569470221087, 1.6953728531860692, 1.5719161211476782, 1.7339330496509826, 1.5267730799172328, 1.7035381815533792, 1.5395881379536394, 1.4079193408026964, 0.0, 1.5928996909317275, 1.8190606606876853, 1.7987491399597766, 0.0, 1.3370867420028323, 1.3085667677869153, 1.3688548810933572, 1.777306560420591, 0.0, 1.49340023869382], [1.4886900441824968, 1.7934968517442047, 0.0, 1.5276357715861422, 1.4078703248311148, 1.8047204513245279, 1.877597470602128, 1.5433103275921796, 1.4319504610621192, 0.0, 0.0, 0.0, 1.8389127858533953, 1.451859526254422, 1.9389576165654085, 1.3904436155826225, 1.7717667631966325, 1.2868013033095975, 1.3795392793998158, 1.5928996909317275, 0.0, 1.5986828307298162, 1.4754496523373533, 1.34148648872323, 1.4283789864027514, 1.6083207939557782, 0.0, 1.5391320320829949, 0.0, 1.5853210219221094], [1.5808849205252131, 0.0, 1.6057314763654609, 1.4033689329810224, 1.2695271295203039, 1.6277185237825378, 1.7849117470388642, 1.680239153321207, 1.725806941377579, 1.7874843634761097, 0.0, 1.7460448197866747, 0.0, 0.0, 1.2292025258699477, 1.5237449038038497, 1.7117718358355896, 1.3276837775779784, 1.477294087789361, 1.8190606606876853, 1.5986828307298162, 0.0, 1.3135222309874066, 0.0, 1.3421195629367197, 1.731372399598273, 1.3303555615380027, 1.863248630785094, 0.0, 1.7891952359212016], [1.4552211701493567, 1.5220523840220168, 1.3396089365198929, 1.8778338095246996, 1.2857016226540994, 1.5997214566635827, 1.9335247835891356, 1.6041400730564597, 1.2754078818513261, 1.401715427588086, 1.083564675965281, 1.5131359606623604, 1.33827615254179, 0.0, 1.198548334405908, 1.4914302051006996, 1.7588303695747913, 1.6112220138076538, 1.683704943400546, 1.7987491399597766, 1.4754496523373533, 1.3135222309874066, 0.0, 1.4334287260807224, 1.4671701106233042, 1.5694908045754448, 1.5346518653643897, 1.4094638670978024, 1.2708656048088303, 1.659789119565276], [1.505450468586949, 1.389399923336192, 0.0, 1.52588768961712, 1.3120323167022225, 0.0, 1.1170942413225096, 1.3554112939007932, 1.820099458336226, 1.550696281522676, 1.3984011477180505, 1.2876149302336026, 1.768984988792522, 1.6864171902732015, 1.4483129455200363, 1.523699162958231, 1.603921452691659, 1.2567558221860031, 1.779209526555217, 0.0, 1.34148648872323, 0.0, 1.4334287260807224, 0.0, 1.7115456640683093, 1.1890890407328603, 1.6989312841716417, 1.767092957428051, 1.5575734283881573, 0.0], [1.532580392407474, 1.2656942237694935, 1.5453429827162575, 1.5566258560840665, 1.71261540000285, 1.4743616888586786, 1.7165662214753032, 0.0, 1.8062101742858268, 1.6667123880990053, 1.4851937340051844, 1.5337964074976569, 1.6002940888606623, 1.296136587701248, 1.510460080440074, 1.3835188068164803, 1.2498515521118958, 1.5938346955292872, 0.0, 1.3370867420028323, 1.4283789864027514, 1.3421195629367197, 1.4671701106233042, 1.7115456640683093, 0.0, 1.6374914923606734, 1.3744384289004596, 1.6220262823363152, 1.2525252409082621, 1.750339735724868], [1.6774386237715606, 1.2934394310418327, 1.135678522855359, 1.5153352738282528, 1.2860194050377065, 0.0, 1.6744009646281255, 1.568448330657949, 1.5469475720119044, 1.1746643457699868, 1.3358692078115957, 1.4211737711242802, 1.485677599335995, 1.2002308709617449, 1.169176018523538, 1.6033444827930827, 1.3656020120557204, 1.527148871117739, 0.0, 1.3085667677869153, 1.6083207939557782, 1.731372399598273, 1.5694908045754448, 1.1890890407328603, 1.6374914923606734, 0.0, 0.0, 1.7888043077745674, 1.5570915189316614, 1.235504401838885], [0.0, 1.1202880418414758, 1.4179741482718442, 1.531935558859391, 0.0, 1.8029654435896831, 1.6714022233169483, 1.53462106101726, 1.3624520665839877, 1.4118732154148317, 1.2985374606351603, 1.29720324342959, 1.160853319409897, 1.4032175198265104, 1.4421819485704004, 1.491018562116925, 1.5514243799579055, 1.289793734076017, 1.6090504110576669, 1.3688548810933572, 0.0, 1.3303555615380027, 1.5346518653643897, 1.6989312841716417, 1.3744384289004596, 0.0, 0.0, 1.7618363217599506, 1.3041847836266918, 1.7610973528875782], [0.0, 1.3919633908952043, 1.219153592367383, 1.5533202787098412, 1.6401567581321435, 1.5539980700824554, 0.0, 1.4209547818004187, 1.5138077658914, 1.236689871947026, 1.4536120992811732, 1.5107924177014072, 1.4665175857776713, 1.4371488842039968, 1.2772446587741306, 1.7634252933286465, 1.2962131339122789, 1.3880605384969709, 1.7965667632308928, 1.777306560420591, 1.5391320320829949, 1.863248630785094, 1.4094638670978024, 1.767092957428051, 1.6220262823363152, 1.7888043077745674, 1.7618363217599506, 0.0, 1.3015295131533486, 1.1429551373801479], [1.4194623431580466, 1.4490245539017514, 1.4177308233296966, 1.4906405267568936, 1.4708538810406644, 1.2664090760229587, 0.0, 1.8909275301224133, 0.0, 1.6269099556170472, 1.3485073528140226, 1.7591425911041103, 1.7634475949455335, 1.2194111867616546, 1.3406757548388175, 1.4675219303518259, 1.1169339514316867, 1.6103440159392306, 1.6748947270474905, 0.0, 0.0, 0.0, 1.2708656048088303, 1.5575734283881573, 1.2525252409082621, 1.5570915189316614, 1.3041847836266918, 1.3015295131533486, 0.0, 1.7292748175879022], [1.135977876063385, 1.616796853587145, 1.297865480099249, 1.4561527473236813, 0.0, 1.352060314060147, 1.7651973205327556, 1.6199981644419765, 1.524855290145788, 0.0, 1.512074289158822, 1.1449234616505968, 1.4727886418960092, 1.4420653085737143, 1.4518798073605743, 1.5683649977485994, 1.3374827866029924, 1.7090257920426242, 1.6924751991892808, 1.49340023869382, 1.5853210219221094, 1.7891952359212016, 1.659789119565276, 0.0, 1.750339735724868, 1.235504401838885, 1.7610973528875782, 1.1429551373801479, 1.7292748175879022, 0.0]], [[0.1, 0.1, 0.1, 0.1, 0.1, 0.1, 0.1, 0.1, 0.1, 0.1, 0.5, 0.5, 0.5, 0.5, 0.5, 0.5, 0.5, 0.5, 0.5, 0.5, 1, 1, 1, 1, 1, 1, 1, 1, 1, 1, 1.5, 1.5, 1.5, 1.5, 1.5, 1.5, 1.5, 1.5, 1.5, 1.5, 2, 2, 2, 2, 2, 2, 2, 2, 2, 2, 3, 3, 3, 3, 3, 3, 3, 3, 3, 3, 4, 4, 4, 4, 4, 4, 4, 4, 4, 4, 5, 5, 5, 5, 5, 5, 5, 5, 5, 5, 7.5, 7.5, 7.5, 7.5, 7.5, 7.5, 7.5, 7.5, 7.5, 7.5, 10, 10, 10, 10, 10, 10, 10, 10, 10, 10], [50.0, 25.0, 12.5, 6.25, 9.375, 10.9375, 10.15625, 9.765625, 9.9609375, 10.05859375, 50.0, 25.0, 37.5, 31.25, 28.125, 29.6875, 28.90625, 28.515625, 28.3203125, 28.41796875, 50.0, 25.0, 37.5, 31.25, 28.125, 29.6875, 30.46875, 30.078125, 30.2734375, 30.37109375, 50.0, 25.0, 37.5, 31.25, 28.125, 29.6875, 30.46875, 30.859375, 30.6640625, 30.56640625, 50.0, 25.0, 37.5, 31.25, 28.125, 29.6875, 30.46875, 30.859375, 30.6640625, 30.76171875, 50.0, 25.0, 37.5, 31.25, 28.125, 29.6875, 30.46875, 30.859375, 31.0546875, 30.95703125, 50.0, 25.0, 37.5, 31.25, 28.125, 29.6875, 30.46875, 30.859375, 31.0546875, 30.95703125, 50.0, 25.0, 37.5, 31.25, 28.125, 29.6875, 30.46875, 30.859375, 31.0546875, 30.95703125, 50.0, 25.0, 37.5, 31.25, 28.125, 29.6875, 30.46875, 30.859375, 31.0546875, 31.15234375, 50.0, 25.0, 37.5, 31.25, 28.125, 29.6875, 30.46875, 30.859375, 31.0546875, 31.15234375], [[1425.695824611769, 20.495076511063857, 404.82295052306273, 87.88577007518417, 2455.4823555130656, 2664.130574411363, 214.79723746795386, 1152.9009941838635, 923.1959865859639, 2621.8033312611133, 2352.279300900882, 1601.263175884817, 1639.0977980814746, 1630.465593093147, 1601.7396448151285, 2109.688374856577, 1065.1560169353859, 2148.1844435496637, 273.5411038009521, 359.8687200871478, 1458.2315153018294, 1360.0057320736096, 804.4991713961095, 1280.339666418304, 335.4204609383137, 1767.753501538201, 2335.591849480969, 2108.618378005058, 2955.3507525767277, 2711.6783004166114], [380.4085710006689, 1208.265780569034, 318.47351275590154, 2161.403969544566, 662.8237517166558, 1599.2182099949546, 1822.1959299837179, 2751.2798508208757, 2921.60851325913, 1588.0154620293092, 710.6156570561692, 1015.7147025033322, 1473.9750935978645, 2267.5326448137075, 2683.6437641573866, 1955.9414659435627, 825.0501782901913, 1349.211264278762, 1008.3961534039472, 595.71602341651, 304.47546759680955, 984.6588539876865, 62.29605361699109, 85.83271416738792, 221.45971425953803, 2299.126080687735, 2568.333064109827, 959.8407429587803, 2357.094191443038, 138.1079143104085], [2192.1312745180358, 2745.104516400988, 2753.3073375467393, 2316.425305625705, 304.42147500033246, 386.4695840883291, 2704.3207281204586, 2087.40549934071, 475.7002842978122, 2868.918869591639, 1435.8822573209225, 2814.886329735381, 2652.9940387498705, 50.91886554245328, 882.8504228931608, 2908.0475928714422, 1127.5593313225886, 2544.9040253179423, 2906.6924194878547, 2976.750460392699, 1127.8276565986425, 2567.0522782361136, 1255.851250869736, 1589.8173939309277, 2048.1597592020566, 1407.6603177242446, 808.6351058270299, 339.2569070667142, 1468.9960692028396, 1787.3945900813492], [2910.2779818158033, 2436.7152702940025, 1949.3958847913966, 2592.5190434788856, 2834.0083057119145, 2950.6549401128727, 93.5838902629943, 1879.040825136824, 2405.6741305045794, 2944.413993202535, 1513.3911445949402, 289.74319611759194, 2448.9243033563594, 256.0657554187341, 298.1488583073504, 1802.81594003533, 66.41584230190034, 2687.332469695627, 2487.127329366079, 2629.644762890357, 50.14411449975198, 1943.9012924848523, 1407.3550881582817, 2203.3668051406958, 1451.7163024071178, 300.27817241250244, 1807.4932315113963, 699.8354500490794, 2735.231756128703, 2480.1408601875964], [277.0148721638972, 881.2851750438878, 1457.6572360295488, 755.873924546762, 2066.50490517925, 2658.4188702045767, 1986.1820007802514, 1935.637831589592, 1359.8154756910535, 962.1545862661961, 1546.824159855407, 1492.9798599742257, 2373.036335899984, 1074.392114054701, 1513.3751341041707, 2629.540293425561, 1310.9556718738927, 1340.106368447453, 2830.0774712845223, 1316.8199654027853, 90.86547771311915, 2760.9651023936894, 2169.923383290132, 493.0924885744155, 1513.7506366091939, 2413.2121471109213, 98.80996198318815, 2459.982910522768, 1362.9986239305417, 772.8363026131957], [470.218949957947, 402.92220402285693, 1116.7857762548695, 13.21123619073239, 1745.8061992439857, 1993.88656360975, 2584.69033313852, 1177.2770646333063, 2653.935008466252, 899.3680789396858, 2136.968124714519, 476.92493381223335, 658.432601721375, 300.9468773847311, 1669.3314402590152, 940.1970923635281, 1920.8464233138593, 2373.685998332455, 893.6754676692887, 1818.145580163651, 2478.4253880703577, 2693.510467562166, 961.5759033509103, 2952.534284961353, 362.67212892770596, 2185.324299856155, 2715.5855554016116, 1634.8213021872252, 2614.2693767945207, 1942.079748531367], [1805.6331335378836, 964.2240968461902, 2931.881602800463, 2873.1182788433734, 818.1898809145932, 2569.787711531677, 270.4133661857987, 732.3924315535414, 484.5320734612225, 2248.6752824655887, 2577.5455538032024, 476.23443110376394, 2652.5174770701665, 2244.735437515004, 168.11210030122646, 1814.8912047448268, 874.6764546484345, 2736.1243839428666, 1944.7088883639492, 1681.8407929590282, 1893.778832225695, 2533.2518438904026, 2239.794426647211, 1548.4367351315839, 2464.3376064747786, 243.28178959961488, 1521.9455326548737, 217.79869667247542, 2201.823480765228, 2613.2698176458184], [103.58563246341879, 224.15534829960814, 2347.0566100763444, 584.7027844390589, 815.5817252858411, 2792.5944922691915, 2039.1686142041046, 342.1903883171743, 1297.6934735908862, 75.30023563871325, 926.9074342714563, 274.0211091478851, 810.4373798940101, 1833.3225935254961, 2904.3078221839673, 1817.8419252597175, 771.9052716321164, 1100.0160550942414, 1138.7187276066552, 2809.3794451079575, 2274.3180280799384, 617.0997874150223, 2579.1258972880037, 167.36294010912877, 2644.9955616330203, 2751.4427125391894, 1959.5759838934398, 2559.1331305390313, 20.865939254290478, 2108.9998106787502], [112.09318510436283, 193.69213500415205, 1747.2229712374253, 2795.540697109385, 816.4645133093044, 514.134198204282, 869.8849732527799, 1610.7949813704965, 1610.6676175980615, 234.73715794387962, 399.6983684028479, 1606.840878273389, 2049.0715594331273, 2967.789658613915, 272.70567181475514, 2607.640896941998, 2631.429852106646, 2961.683449627968, 1482.7926723582523, 847.8663577281595, 811.1851100309844, 2972.779484752956, 1513.1984910331412, 2737.397098099369, 930.7904511070277, 1777.9625799799, 2943.7892530311565, 1403.8164970192765, 1070.68747115179, 17.48396581626299], [2870.708147382615, 2124.044216940879, 350.7480098580571, 1097.4972116505746, 993.9212417686579, 704.3529510152862, 2937.6067592608597, 79.26161425723454, 1823.1773591004269, 1411.1310391642426, 428.9573653586004, 2405.306646068278, 111.72786017219461, 1920.4336867166878, 1050.9627555819059, 1940.4079909785173, 497.38980068756086, 2119.0665604399583, 1045.7092439671587, 2914.7272852786377, 1574.5131402554202, 1681.202194971444, 1302.6376084610492, 935.5978350917055, 2779.723866968227, 135.2097212954644, 459.716096273194, 1088.61441295444, 896.0416274138222, 1225.3164221518678], [4.70117939687964, 2850.237922724242, 2629.0414319500915, 2321.9444539247165, 2129.584462373122, 1058.449290231814, 2524.294312027103, 2587.4097722181286, 1396.165208283795, 2235.9222472942306, 804.5099124943887, 931.9506093215958, 190.34576856810614, 1196.6171648878385, 1026.193738208256, 2000.637003914825, 2360.7990148287404, 845.8957607470824, 2544.0322430270267, 1704.2904369110938, 1258.157643681598, 2298.925047955324, 46.63096734097605, 301.4412484677269, 1205.1755599183828, 2234.0473260467966, 2838.6261861607095, 2064.7892984345453, 690.8683408481124, 2517.5161961577137], [2304.056586458926, 781.0928981186279, 2259.2232892249663, 1756.7015367733982, 1145.398092565404, 2067.72897729789, 539.3988633431086, 1986.056452858484, 1377.8915598003998, 1283.3011875220996, 1805.6949801100116, 556.9229265946634, 2286.004905756461, 1372.870617136727, 1770.4591070103463, 2172.267379338792, 805.1591982924017, 2385.3708943331994, 772.683880793346, 2366.1930964798094, 1921.1229635466739, 113.72260710321459, 562.7794677520038, 1743.2067642454542, 2567.6471674141235, 2695.2006253981112, 90.65690750493205, 246.86867055262306, 2390.399647551417, 2692.328274559724], [1718.7929273104485, 2279.181415626809, 1389.4437557713434, 2220.3544702843365, 772.457005659628, 1197.266264864561, 1513.3225227351668, 1321.454200057737, 1089.6069875931696, 1138.9806617466, 537.5475234145533, 1843.266519234921, 757.4204489865509, 877.1062072845347, 1059.4834637050776, 2704.581665923014, 1571.7494766075793, 565.70359621682, 1150.463404038448, 2018.1831004088028, 1798.060303980956, 223.5723505852799, 2171.9713162758276, 1498.8010390891302, 697.6219405437589, 2157.5784098287695, 592.7738789798874, 209.34971198215734, 609.5686888988347, 953.1036285147034], [957.4885737460169, 413.7321329696635, 1813.4809299248438, 37.30474762085967, 2436.6119030682103, 697.556808540326, 1565.6726260263242, 1089.5517665460561, 2559.0066748896675, 671.6291625949099, 1816.0638208931866, 284.3718137066723, 369.8377271655542, 2554.471356294249, 551.0693206215828, 1441.6581294362056, 321.58803312122666, 77.7902729417086, 2658.3952363272556, 2536.6900679096057, 1536.99795039339, 682.730873724525, 1532.2495648953898, 1608.284278411604, 1692.6424909772268, 890.503958777971, 904.4941221780291, 796.070302297118, 117.73132044196166, 760.6752159503122], [2103.049021891655, 2996.6922568629143, 2631.752330911991, 611.5375074894725, 1191.1394579897283, 271.29553047400015, 1575.131392795799, 2852.798881303528, 2945.3056418378405, 2749.474203003348, 1836.7260086527344, 1112.4076025704023, 651.1495245537188, 769.6925220109339, 2032.8926394798343, 1003.7181976575775, 2243.29206763417, 1833.6225564254883, 2274.4498253336346, 2819.3946570123035, 2964.7341383804883, 1574.9470917874064, 753.8958853136186, 2215.2828519366503, 1472.9141159771775, 115.19249372532381, 2564.4018409717305, 1383.238095184709, 2532.7574755208034, 419.0392489325359], [1642.2654233074488, 1601.9688144788977, 2196.565039058056, 551.4835032892901, 1158.6817025857836, 1698.6629387815137, 1160.4625700515135, 527.5382804683408, 1133.0129103143333, 430.4792498727371, 2600.200429521004, 979.9679144680283, 361.5425627276072, 2529.0545542014775, 338.5675351138513, 1872.8332210243327, 1030.052880226976, 1255.6979179835141, 2451.6891117944633, 122.65381095549499, 2366.420921798804, 1146.2990020158097, 2705.488254788373, 31.376509085858984, 46.537046631132675, 2855.235503531111, 2509.022697237787, 373.79351214766376, 457.13763720113764, 658.82911779813], [1864.1485921751528, 231.79364530195335, 1698.4626281928245, 577.0154234562233, 1212.4477377130636, 959.8873910107048, 2926.586894889873, 1956.6907020798149, 1952.1466444995167, 491.286636612413, 140.41786926398768, 2884.9777187814866, 1565.791698859189, 1071.9074201492995, 2934.718453245472, 379.5067471525955, 2528.0140514172003, 2336.8107661124172, 59.64817385012011, 1234.473747552036, 880.1585791226303, 328.9349672342795, 2173.7134005236035, 227.80583489417072, 2360.315730018258, 1914.0268750213068, 2591.8241515066584, 2748.808579140552, 587.3745843588672, 1849.5963659307536], [1316.7698007617448, 532.7372666286343, 1216.6691797885326, 522.3010439572371, 350.96992887045553, 2073.8793760746707, 44.553973961019345, 989.6602404795269, 2386.5354326618267, 1035.3264478761896, 1222.9029246338703, 1881.9664554928643, 740.9375108054547, 1868.871962788877, 434.7698347842521, 1806.102440683286, 1918.5447840051947, 161.15752398025938, 854.2288598632956, 2383.186276693197, 1933.2331012432887, 2544.9116616704546, 588.7732944299604, 493.59796920462276, 1213.2343342809122, 309.3765152671668, 1980.634814256367, 655.981180262816, 1444.7359457392126, 475.72293809163233], [2085.989335534528, 2946.1569905318042, 2596.704905072239, 1225.5045928164955, 2486.605201372709, 1235.7305778660377, 674.927526657005, 21.77684553165826, 917.8555859272769, 1887.2735073382617, 2077.890682082755, 2340.473487083296, 147.66361316032373, 1233.4219877984674, 1904.1650858099308, 1468.569565404187, 1592.3671549381293, 2947.829253338648, 2288.2352733723083, 2654.807556919512, 1374.4515853738937, 1586.3660584295892, 1391.9292792134331, 1117.1939971466752, 911.7795804174663, 1398.1257981469496, 911.2769822890483, 2532.3137902177023, 2469.5035447207806, 1015.9326495068228], [509.553342610741, 1992.3710765716278, 1311.373531363301, 2561.2528681096487, 1998.4216849076677, 905.8498449047775, 2991.351830585923, 2271.4495208318253, 2001.89435498414, 1905.5149592067687, 1840.9158628127861, 1563.537732155135, 1060.439366984853, 61.66587122843303, 582.2790648320287, 1690.2939369085277, 987.962918884029, 1023.6765562169173, 456.80197724273086, 1495.1638390648266, 776.1596197392763, 1769.8387182226516, 380.6695537662652, 1762.0918177234512, 1551.396143077488, 1401.5711921246639, 1374.932424675704, 2755.2513863365552, 897.862882067939, 1981.5622692938389], [1207.9264144546744, 1585.3546873009516, 2206.1124407337898, 2531.2336275567086, 994.6954680501956, 577.7526432288458, 1452.4928146401112, 1773.6152192789557, 2924.789543000645, 1242.1511492012146, 1023.4727156547771, 273.67815558914833, 1313.4590753668635, 2822.232204377222, 146.23920524440314, 984.1965552875952, 723.4449529481827, 520.3070687249113, 631.7156840906906, 75.71128411396788, 1420.209387140846, 664.3356827968361, 1361.173311991173, 2912.264702304682, 2579.4271485824383, 1740.1696981641117, 164.92600835122917, 2629.791859274324, 172.60302109763003, 712.687682543861], [2655.704565960266, 157.16888381422734, 2022.9572564030277, 1521.0303617957663, 863.3143914299486, 580.6622211363853, 296.43606656799614, 1032.6113046374985, 244.3666914057666, 2704.8036124628966, 2955.0283715764963, 259.1486263461148, 1062.145831867723, 2576.971694756598, 2261.9319788711095, 2998.4887178109207, 378.58443871259726, 870.0189418929153, 1665.9599933829604, 1182.5833122471654, 676.8991042291485, 1150.3475608481078, 1645.5829137848289, 405.43191238066834, 1106.110122293727, 459.2409946152102, 616.4918227148387, 2639.836752078719, 2670.4125956617954, 2090.3517900240977], [96.07987637356219, 1634.7784608527813, 2664.544035016803, 923.832631774894, 2672.6513848655964, 820.2652123410411, 1182.1528291283264, 192.7067692283896, 2145.480995096626, 1354.5269855240797, 2073.9966363460794, 1944.667530041461, 1658.6186022441912, 2748.5606120374937, 1792.9490755628606, 2561.1019370066474, 1196.182771976299, 480.8031731299405, 1467.2341354213695, 2449.399376163442, 87.99709410812018, 1527.8409007545545, 2980.557595398603, 2253.2637447378806, 847.0804026254871, 1569.1618417228028, 2961.922078396663, 2920.9459470066954, 2993.0572220890767, 457.0872207791874], [2544.9245596278574, 2524.4560065725755, 245.01987850266627, 104.42937535615503, 1335.614249183044, 1316.6047477637178, 76.45318340902263, 1477.8240309323899, 2923.9565448591425, 2867.4950965007038, 977.0796790994307, 2747.875460067055, 2542.9162892353734, 1868.3959781753697, 1233.9061103334682, 1851.0667137850573, 468.56072118603464, 2687.7436933761346, 2352.284532690569, 1018.8195601264572, 2341.5252132676264, 571.2333122018517, 1403.0382513254565, 2264.0026907484707, 2514.3696004651947, 1376.3572018384261, 1192.824819446313, 1621.4287796789292, 1852.6234494628602, 1230.3709705860244], [2447.4430678081103, 2260.7946205812045, 161.00601405962024, 2753.60825764626, 2320.5200109759107, 1371.6779669036605, 2747.4721767854794, 171.6693554788138, 1254.1528220196117, 299.5958751823515, 1680.015733913613, 1012.4214171198583, 2814.749335574404, 1381.1686539879938, 545.8284074565979, 480.5997396654571, 2643.67309345081, 1076.5542784953614, 1584.095000383338, 1701.5931608198373, 1036.7923996779473, 485.4551902883096, 2349.701738520718, 1448.5305854336204, 1526.166966768594, 2353.0683675007335, 2005.4316152277597, 2008.8857874748096, 2351.2829808993015, 787.1248461852548], [1448.4496752760163, 614.3311201643114, 1289.4476105588456, 1138.7970633017842, 2536.8130275441554, 2382.5475630306614, 1703.1582558127557, 1744.8647458542484, 2511.6958314025887, 1099.8734683020132, 152.87250428039235, 2632.7806191288637, 1349.1810548334668, 0.21728926104480628, 118.11067270790143, 1104.09699977192, 2677.5097677102754, 596.79867434844, 1030.861067051827, 1360.115007184354, 419.9289116917464, 235.1034316539704, 2401.0523610618216, 2245.9239897176553, 321.0694430961241, 2362.22326547971, 2639.9848226427057, 1462.7700223978452, 188.70983804145635, 1534.9888822394703], [2672.0316619604487, 1728.5526991288662, 2568.143323653172, 2347.732318794117, 1972.4064952297879, 1963.9220724128386, 2929.459859273615, 730.6174157586684, 2482.023457411427, 1630.7758091969745, 2351.8043997102013, 322.36264922140543, 2977.6630041540143, 2863.7449493077606, 2088.7810879402464, 2366.6737238579526, 2490.5288540757438, 990.677919427621, 1178.2331849470281, 1435.9700676046277, 1465.0746680817995, 996.5216898231711, 1183.3879052845737, 2820.252441423924, 1597.16233451258, 2558.561346950782, 2577.3810589271734, 2513.736072481183, 731.7687112965012, 1670.9698719733467], [2009.4849531027376, 1855.3269398994908, 513.9526530355819, 1743.9462195394958, 1561.0425737881076, 1992.7397703411311, 6.5805390007621645, 630.9324637261853, 2632.828891812347, 2486.5864306061226, 2324.3429652563973, 2326.359266864917, 2485.9410415465877, 1234.400139535102, 836.5786740693187, 2270.157275513703, 914.024843226434, 1257.0240676867813, 1035.2081634624274, 2992.1853778778373, 2468.792238791108, 2123.2201500024007, 2306.1856105350557, 1931.5890841183384, 2927.5568004830725, 1427.7941461946318, 1305.1711989722394, 1531.9526956684692, 2831.5700077584042, 1066.008679806647], [1177.1727355368494, 96.52373849219997, 1906.4540090672022, 1718.027300636762, 918.820397737787, 1844.1587036064573, 2858.2945245029705, 970.209970266583, 356.1654419334657, 1571.4946666646695, 2258.793800609592, 760.4597507145183, 1544.5000838798558, 249.7207634926707, 2003.5802552837038, 760.1507038902399, 1026.8626700170178, 100.83924888745067, 305.2372702384878, 2964.688822313537, 2762.187422593446, 2538.760270436255, 1825.3873993685293, 2086.725633839379, 2259.226791121925, 2871.190210354232, 1934.693192715539, 1698.001334539332, 1943.8569867840918, 2943.864120673699], [733.0802348653829, 1815.4516607350884, 2618.1027392072397, 1675.1666460643403, 501.5408587261432, 1496.7202538813128, 2882.313426432527, 2752.297523861034, 2908.7367998021195, 2693.9510383947327, 2456.6156750155264, 2159.048523399382, 596.3031536846111, 1218.8128942291085, 2789.3627805724655, 2708.4879121520457, 305.4340519379647, 555.5619907094598, 2655.6744951217934, 2400.1266562807537, 2146.873434620475, 2643.35599138656, 796.128383874083, 129.68375201385984, 1449.596122406096, 2442.1908141120243, 2962.612994534166, 775.5460517334195, 1855.0528532413528, 2265.76229619484], [1396.3879132470533, 2283.806251985481, 1423.0518503275466, 1316.7139442133732, 508.1207043698516, 2166.2662135704563, 2912.9786529116086, 1291.5573852555203, 820.4003614186413, 39.310338052699564, 35.99423160652782, 10.527567953159455, 895.7018214411282, 1776.128881210645, 848.0888873371416, 1.3209195567940313, 2543.8433916054364, 170.46477178154285, 1041.7119615233396, 1797.1708152799658, 134.28114965703497, 2264.7885030757257, 243.91549859708817, 564.2049007949114, 2549.150145440569, 375.3779170161361, 225.2546309648268, 1117.2316111590037, 2545.9652672992447, 1963.951295946283], [1906.0514938129165, 1806.097166076026, 568.9805619189026, 2145.1169940283353, 2835.95617807547, 2595.442215502717, 2799.9903294994638, 2468.9721978843863, 780.7935366672243, 232.30971990674354, 1286.7990778485973, 2060.829029211534, 454.3459397825024, 356.04710342950693, 133.89064756410585, 2115.559416408594, 763.1705174478443, 1633.9469258781864, 1767.6047793385897, 1055.7859130380223, 64.60875923912157, 1252.6790235566364, 1410.7058890672174, 1472.8914648953053, 1431.2821036668915, 1504.341580672606, 1670.8652795802088, 2562.2438961908156, 232.44437480108203, 1046.8782128639766], [791.6608948293648, 2508.511975650672, 1449.0115845348537, 1608.8746397622108, 1044.2406742985645, 331.2087291580875, 98.15187576303974, 1435.4766459654932, 1924.75735830232, 1877.5530766132429, 1193.138568065765, 1416.4544258970764, 2009.3065064199914, 951.1962255497095, 2052.342162732385, 1840.2665153301396, 988.5881966996459, 1536.87047554544, 1408.4790440437114, 122.00130927871267, 2010.8726209952692, 289.12245075293686, 1296.508490391191, 166.0924665508262, 281.7154503169461, 918.4798082320691, 2384.1849440098804, 519.877099823034, 1931.6536520070072, 2675.0384448838868], [2393.5530821166676, 416.27815621169697, 1233.6591817726699, 22.655610954235406, 1235.7698376158314, 852.6362914253932, 1990.7491577024784, 868.2883123985107, 2994.8779885267763, 517.9629751167912, 2687.15597420781, 2547.867417729922, 1530.7064959267339, 1743.3602001124082, 1361.012935499738, 631.655232112775, 2714.1661387831223, 1858.9108453797116, 151.76264908118608, 75.18746150669875, 2820.1335127794014, 2535.840854746743, 2648.964447449265, 2694.2856795701705, 1412.7083039457495, 2209.2444654417623, 2036.0433871351458, 2932.532391343658, 1367.2150319745988, 1438.8714536394207], [1686.3698209486251, 2194.435510421466, 2253.2153221129442, 2624.6584204822293, 2724.7145774625483, 1696.6680378315486, 1728.6436146539295, 2496.129801886982, 2607.267268729871, 1298.6831290130074, 189.08425587491018, 560.8837038052409, 807.754907254977, 276.9084451647423, 492.1175111482102, 2169.493609244367, 715.8103252866545, 718.0419414350755, 2699.0224200162816, 2380.1248255861956, 1990.758094389371, 144.8309123633048, 1825.8751080488132, 1357.986336072812, 218.62250241980075, 2474.037242094972, 638.7617407745046, 814.104800704222, 2162.9919818911426, 2455.044117622604], [2787.7683161781447, 411.32775088846716, 1599.4519555753511, 2577.761178452339, 2619.3296580033043, 734.3906164941147, 2560.171890368326, 2454.4543074900535, 1441.1050678685983, 2454.7873663807727, 2244.448806900173, 1939.9682114817608, 1838.9286136892686, 1805.1478489680849, 2146.2734984750864, 1507.2060839285748, 2496.4364766472704, 1993.8879434362573, 1431.0138708348857, 526.0124062966794, 406.96880901542863, 379.86576299849696, 2949.687892229346, 1799.9727401613818, 774.5139957572827, 2327.5784633319995, 270.6426189615121, 2210.371900905581, 316.4245262095191, 2610.031467648966], [1025.0030191205522, 392.01749022964003, 2870.9847645637183, 2135.105145953965, 2241.967593678611, 389.9186515687438, 2616.5542659808793, 2732.7933373440965, 1745.6950128247915, 2120.4679684995867, 617.0785618029664, 1569.5087973322063, 1464.6035263473207, 556.4684239216666, 1392.323673025035, 2940.893717716555, 643.515562731411, 2985.1897844989335, 2950.846205186214, 1131.9775491048613, 829.7757323347722, 2989.0566950456946, 2309.6706295088093, 2684.2385082140595, 1383.604604732583, 1723.9005230158143, 136.55335596570396, 1347.9374776512248, 1351.1068406405577, 1985.365368353148], [195.42467237168947, 994.5454801356003, 2613.0488415021773, 2244.3154950111502, 2341.1936567433017, 28.892772025441605, 977.4889270449274, 1026.3200994016938, 2077.8939153775364, 2633.5178469010566, 1455.1854179224938, 1775.6710634804733, 2512.51734602468, 1202.8148908975322, 2064.963632506414, 989.0550854010612, 1032.7321795280711, 1070.1154469122628, 767.156476648904, 784.541419668368, 917.019211946847, 1602.2026740505357, 2144.9004609309345, 664.276955311942, 370.80009019469054, 2169.996200737849, 470.4655405248461, 2050.287342962825, 2282.2466070826035, 686.6431973124497], [651.4516257675677, 2964.0963600137356, 1212.0403305406792, 1753.7313107007421, 738.7048287354658, 1322.4300129925791, 477.434694350371, 1910.0203972488164, 922.4232251988901, 1391.4814681350956, 455.762180902212, 1440.7017641638015, 2441.2621011570945, 677.3088385183025, 1413.2861769717524, 2822.884840132597, 860.2190441909111, 2451.3125767130896, 675.388513229746, 982.3439149338534, 887.9233826548138, 972.9356240527851, 2114.9895447587583, 2501.4439230090575, 380.60158567624234, 1328.6725986868535, 254.78741637813508, 344.17605473230736, 933.1556347102699, 2232.354723960074], [2049.1023472783163, 2674.388600204777, 1044.8147469176781, 1156.8115418018874, 1574.2475829073471, 2548.312939933001, 1205.8135846720377, 494.67606915242055, 1435.274145427286, 2137.331607246902, 1884.9475491101146, 1071.8006163554332, 2596.123226771