[[[0.0, 0.0, 0.0, 0.0, 0.0, 1.4166249597490297, 1.605329339082691, 1.2765574491306069, 0.0, 0.0, 1.621607426419033, 1.3346651359160413, 0.0, 0.0, 0.0, 0.0, 0.0, 1.3057161430599649, 0.0, 0.0, 1.5751350500311738, 0.0, 1.208500772643371, 0.0, 0.0, 0.0, 1.8139370169134337, 1.6079217033690527, 0.0, 0.0, 1.245559546273348, 1.7538076770491047, 1.4074637566784687, 1.2794162212428544, 1.540990654013614, 0.0, 1.318828157531493, 0.0, 0.0, 0.0, 1.5778278083491215, 1.7842679165742137, 0.0, 0.0, 0.0, 0.0, 0.0, 0.0, 1.1512094774022803, 0.0, 1.2259786886340642, 1.4596270717122835, 0.0, 0.0, 0.0, 0.0, 0.0, 0.0, 0.0, 0.0], [0.0, 0.0, 1.5934798224112043, 1.5441783352166087, 0.0, 0.0, 1.5833138487292646, 0.0, 1.4652338969126546, 0.0, 0.0, 0.0, 0.0, 0.0, 1.1619822636910178, 0.0, 1.5510147425721832, 1.4023187094258045, 1.258759174854509, 0.0, 0.0, 1.7784966224878136, 0.0, 1.076270990845634, 1.697256658168413, 0.0, 1.172269350632043, 0.0, 0.0, 0.0, 0.0, 0.0, 0.0, 0.0, 0.0, 0.0, 1.7454077366123109, 0.0, 1.3972447363530536, 1.564887635569319, 0.0, 0.0, 1.242617339171002, 0.0, 1.9157046513543348, 0.0, 0.0, 1.1813832966795443, 0.0, 0.0, 1.4966889671685153, 1.6937062660717648, 1.4261379524790079, 0.0, 0.0, 1.5099885266292778, 1.714279025853245, 0.0, 0.0, 0.0], [0.0, 1.5934798224112043, 0.0, 1.2275474791894645, 0.0, 1.540735563923842, 1.4890276104131035, 1.5466400882033717, 0.0, 0.0, 0.0, 1.7146118346951487, 0.0, 1.2771450121877468, 0.0, 0.0, 0.0, 0.0, 0.0, 0.0, 1.4967501065411133, 0.0, 0.0, 0.0, 1.5584256711669695, 0.0, 0.0, 1.5705261483637816, 1.4493052871267293, 0.0, 0.0, 0.0, 1.5414338819841336, 0.0, 1.7757921109636838, 1.5816639379310264, 1.4989176867357241, 1.3775242194276296, 1.1469028409697128, 0.0, 1.6078605205352865, 1.572869977893776, 0.0, 1.4212903731339028, 1.2826921768584065, 1.32000854630436, 1.353763564595948, 1.460738503240816, 0.0, 0.0, 1.3477976316504883, 1.25743065724403, 1.1005861041731217, 0.0, 0.0, 1.671060382392695, 0.0, 1.604839280935641, 1.331037214144461, 0.0], [0.0, 1.5441783352166087, 1.2275474791894645, 0.0, 0.0, 0.0, 1.729247371363043, 1.663268272089777, 1.6041560055845263, 0.0, 1.3329970271679321, 0.0, 1.3733016834065757, 0.0, 0.0, 1.6474492034112427, 0.0, 1.405567846755865, 1.2591256819291263, 1.553867535612954, 1.604377598503436, 0.0, 1.6418855440049605, 0.0, 0.0, 1.5963245600619023, 0.0, 1.3143903671184982, 0.0, 1.5710633371391736, 1.390992217484293, 1.3594982922638685, 0.0, 1.7254370950555153, 0.0, 1.4933688052829166, 0.0, 0.0, 0.0, 1.6743717511505272, 1.3328785091461666, 0.0, 1.1780596964659618, 0.0, 0.0, 1.1596620191426843, 0.0, 0.0, 0.0, 0.0, 1.733266897618198, 0.0, 0.0, 0.0, 0.0, 0.0, 0.0, 0.0, 1.0732889119121296, 0.0], [0.0, 0.0, 0.0, 0.0, 0.0, 1.1543147193118495, 0.0, 0.0, 0.0, 0.0, 0.0, 0.0, 1.6290571923008228, 1.4922653241717698, 0.0, 1.728634437304561, 1.3331351136014227, 1.643307033347131, 1.475816325557994, 0.0, 0.0, 0.0, 1.1024639382343193, 0.0, 0.0, 0.0, 1.5070249319356215, 0.0, 0.0, 0.0, 0.0, 1.3758193995288335, 1.3896561949856796, 1.5516560474380177, 1.5221785751410222, 0.0, 0.0, 1.4114448354930293, 1.1845364860286325, 0.0, 0.0, 1.6485548416467017, 0.0, 1.5098231267477802, 0.0, 1.3674117570187938, 0.0, 0.0, 0.0, 0.0, 0.0, 0.0, 0.0, 0.0, 0.0, 0.0, 1.4309282967408212, 1.4165744447701654, 0.0, 0.0], [1.4166249597490297, 0.0, 1.540735563923842, 0.0, 1.1543147193118495, 0.0, 0.0, 1.570916691461977, 1.5098836808584402, 0.0, 0.0, 0.0, 1.518785752480031, 0.0, 1.8103148337629549, 1.4668625967527005, 1.3037703971251127, 0.0, 1.5488640460513157, 1.5648260686369535, 1.7470262818622027, 1.4602597369318147, 1.4851646314588536, 0.0, 1.369916788578534, 1.7374327224812964, 1.6416824103915701, 1.2619901103110882, 1.6564250087517591, 1.6858761087795546, 0.0, 0.0, 0.0, 0.0, 0.0, 1.8416313956582615, 1.1573945215255683, 0.0, 1.4731460577507278, 0.0, 1.3649093967672274, 1.4953239609297575, 1.748933578425396, 0.0, 0.0, 0.0, 1.2984807097959088, 0.0, 0.0, 0.0, 1.4066819940534967, 1.4929316940615593, 0.0, 0.0, 1.3407815747672154, 0.0, 1.7526392707336953, 1.5380135860536819, 0.0, 1.2741099001947822], [1.605329339082691, 1.5833138487292646, 1.4890276104131035, 1.729247371363043, 0.0, 0.0, 0.0, 1.2647877671099397, 1.5422691037662641, 1.7378919924210516, 1.2871481000825296, 1.6784535374834328, 1.4330402969594813, 1.1615059105164405, 0.0, 1.4889044623729881, 0.0, 0.0, 0.0, 0.0, 1.6257885766548663, 1.5868617395666664, 1.698601652411654, 1.697908390884416, 1.4422140756651296, 0.0, 0.0, 0.0, 0.0, 0.0, 1.4801843719963483, 1.382481299307638, 1.1154006099818654, 0.0, 0.0, 0.0, 0.0, 1.3240245890362166, 0.0, 1.4807478848149767, 1.3718920249910895, 1.1368837732385153, 1.6340090496621458, 0.0, 1.5423671139722206, 1.0985234067539373, 1.6844877146735997, 0.0, 0.0, 1.2729780040425624, 0.0, 0.0, 1.520900654759941, 0.0, 0.0, 1.223110739391264, 1.7800911764757361, 0.0, 1.4997777401942596, 1.1807209386049615], [1.2765574491306069, 0.0, 1.5466400882033717, 1.663268272089777, 0.0, 1.570916691461977, 1.2647877671099397, 0.0, 0.0, 1.3288261889637347, 0.0, 0.0, 0.0, 0.0, 0.0, 0.0, 0.0, 1.6348953121827052, 0.0, 1.7678692515231575, 1.4562099530234058, 1.3456936765195395, 0.0, 0.0, 0.0, 0.0, 0.0, 0.0, 1.5387605643554028, 1.5310528754878816, 1.6257327211699732, 1.6220432314798088, 1.5981537560549441, 0.0, 0.0, 0.0, 0.0, 0.0, 0.0, 0.0, 1.534902873798262, 1.2283565040618405, 0.0, 1.6640579505395192, 0.0, 1.275724276216489, 0.0, 1.1658449791440026, 1.4374659735704634, 0.0, 0.0, 1.2885850638381235, 1.7768555813178728, 0.0, 1.3153407093665785, 0.0, 0.0, 0.0, 0.0, 0.0], [0.0, 1.4652338969126546, 0.0, 1.6041560055845263, 0.0, 1.5098836808584402, 1.5422691037662641, 0.0, 0.0, 0.0, 1.724257405078288, 1.3647098605785881, 0.0, 1.3876902367115564, 1.58662527846373, 1.6626200722248727, 0.0, 0.0, 0.0, 1.5507182861454, 0.0, 0.0, 1.7817688486332837, 0.0, 0.0, 0.0, 1.7621920878756379, 0.0, 1.308911705206161, 1.8688868845525315, 0.0, 0.0, 0.0, 1.5265532541221056, 0.0, 1.689247552961523, 0.0, 0.0, 1.1740691318797714, 1.5451391463540571, 0.0, 1.6847528692080473, 0.0, 1.4712653793275048, 0.0, 0.0, 1.5157141482138377, 1.3133305217358833, 1.6750567230449631, 0.0, 0.0, 1.923105549110796, 0.0, 0.0, 1.7309990535791782, 0.0, 0.0, 0.0, 0.0, 1.7333925497986467], [0.0, 0.0, 0.0, 0.0, 0.0, 0.0, 1.7378919924210516, 1.3288261889637347, 0.0, 0.0, 1.6033325429643375, 1.1994158484138557, 0.0, 0.0, 0.0, 0.0, 0.0, 1.6155855343894918, 0.0, 0.0, 0.0, 1.7974793821074275, 1.6488504924291716, 1.4651706890667178, 0.0, 0.0, 1.2831827139175336, 0.0, 0.0, 0.0, 1.4297880099875873, 0.0, 0.0, 0.0, 0.0, 1.586866164652806, 1.3081127138723556, 0.0, 0.0, 0.0, 1.5542842553620462, 0.0, 1.6200849513753313, 1.5698630603260555, 0.0, 1.4289551451868545, 0.0, 0.0, 0.0, 0.0, 1.7420085749223744, 0.0, 1.7891390790588513, 0.0, 0.0, 0.0, 0.0, 1.527211004365022, 0.0, 0.0], [1.621607426419033, 0.0, 0.0, 1.3329970271679321, 0.0, 0.0, 1.2871481000825296, 0.0, 1.724257405078288, 1.6033325429643375, 0.0, 1.4368892859752678, 1.3819828265169976, 1.4788911232840998, 0.0, 0.0, 0.0, 1.620637721129999, 0.0, 0.0, 1.1632249670914292, 1.4248640472172227, 0.0, 1.4888725339492594, 0.0, 0.0, 1.469497892623792, 1.7519351633397384, 0.0, 0.0, 1.3649784871612158, 0.0, 0.0, 1.4363726352237465, 0.0, 1.4791672152053517, 1.0967562884006727, 0.0, 0.0, 0.0, 1.757961720628503, 1.4605064309671214, 1.802769245664966, 0.0, 0.0, 1.544604166019009, 0.0, 0.0, 0.0, 1.4422127387110515, 1.1444405420519739, 1.4815092275925434, 0.0, 0.0, 1.3973250372168318, 0.0, 1.4409907186116233, 0.0, 0.0, 0.0], [1.3346651359160413, 0.0, 1.7146118346951487, 0.0, 0.0, 0.0, 1.6784535374834328, 0.0, 1.3647098605785881, 1.1994158484138557, 1.4368892859752678, 0.0, 0.0, 0.0, 0.0, 0.0, 0.0, 1.6889546701821447, 0.0, 0.0, 1.7149732131226887, 1.6312847506704748, 1.242301200758043, 0.0, 0.0, 1.6440083316707714, 0.0, 1.6893657732587146, 1.9330400868798547, 0.0, 0.0, 0.0, 1.588289603530248, 0.0, 0.0, 1.5492324330555598, 0.0, 0.0, 1.4320358991756734, 1.5809319278273366, 0.0, 1.5690034364085816, 1.5310108644398022, 0.0, 0.0, 1.278515180589816, 0.0, 1.7017947479547195, 0.0, 0.0, 1.788341075754297, 1.5476975095104684, 1.7198202575450021, 0.0, 1.5926022227688112, 0.0, 1.4567392797425194, 0.0, 0.0, 0.0], [0.0, 0.0, 0.0, 1.3733016834065757, 1.6290571923008228, 1.518785752480031, 1.4330402969594813, 0.0, 0.0, 0.0, 1.3819828265169976, 0.0, 0.0, 0.0, 1.5028300302387265, 0.0, 0.0, 1.2014669616958873, 0.0, 0.0, 1.3293740511997405, 0.0, 0.0, 0.0, 0.0, 1.52272702222605, 0.0, 1.587217058994316, 1.3708760743923887, 1.8543647467790398, 0.0, 1.8905818837005377, 1.3551238859795425, 0.0, 1.3515049032451696, 1.3710394755420747, 0.0, 0.0, 1.2974613424306929, 0.0, 0.0, 1.8080838927160428, 0.0, 0.0, 0.0, 0.0, 0.0, 1.3440506026350705, 0.0, 1.814878179555543, 0.0, 1.4558653853497956, 0.0, 0.0, 0.0, 0.0, 0.0, 0.0, 0.0, 0.0], [0.0, 0.0, 1.2771450121877468, 0.0, 1.4922653241717698, 0.0, 1.1615059105164405, 0.0, 1.3876902367115564, 0.0, 1.4788911232840998, 0.0, 0.0, 0.0, 0.0, 0.0, 1.8508405938104135, 0.0, 0.0, 0.0, 0.0, 0.0, 0.0, 0.0, 1.0259207885613009, 1.194305348590842, 1.7194854114254983, 0.0, 0.0, 0.0, 1.6668213245813621, 0.0, 1.4461144948835123, 1.4652879299749504, 0.0, 0.0, 0.0, 0.0, 0.0, 0.0, 0.0, 0.0, 1.4299637996489438, 1.9137462596792936, 0.0, 0.0, 1.0520471044949085, 0.0, 0.0, 1.8252411921784364, 1.516072904622622, 1.4839920502039683, 1.4958778572642717, 1.6858373083408833, 0.0, 1.4890473588987194, 1.4934512494284042, 1.2377574605292154, 0.0, 0.0], [0.0, 1.1619822636910178, 0.0, 0.0, 0.0, 1.8103148337629549, 0.0, 0.0, 1.58662527846373, 0.0, 0.0, 0.0, 1.5028300302387265, 0.0, 0.0, 1.3500038170114357, 0.0, 1.19343317224012, 1.8384233252175415, 1.9159208684065168, 0.0, 1.6063313954127676, 1.7298150431956407, 0.0, 1.473316722917693, 1.3369633429038132, 0.0, 1.1722011548114253, 0.0, 1.4772979635268881, 1.923750688013589, 0.0, 0.0, 0.0, 0.0, 1.6223449680590534, 0.0, 1.4964859124863046, 0.0, 0.0, 1.306962900399211, 0.0, 1.4802034767667402, 0.0, 1.3322779013086168, 0.0, 0.0, 0.0, 0.0, 0.0, 0.0, 1.6129782199952274, 0.0, 1.7742185046653973, 1.6625060472912199, 0.0, 1.6157705634303867, 1.6580314300163725, 1.3247965933979997, 1.36440209206505], [0.0, 0.0, 0.0, 1.6474492034112427, 1.728634437304561, 1.4668625967527005, 1.4889044623729881, 0.0, 1.6626200722248727, 0.0, 0.0, 0.0, 0.0, 0.0, 1.3500038170114357, 0.0, 1.8315893720374574, 1.4843267228686967, 1.1057208669252523, 0.0, 1.6712086584646744, 1.4856179563507919, 0.0, 0.0, 1.4145874041963098, 0.0, 0.0, 0.0, 0.0, 0.0, 1.5438133139204333, 0.0, 1.1841078385257033, 0.0, 1.5430105173187934, 0.0, 1.0398221139310628, 1.8141404931764427, 0.0, 0.0, 0.0, 1.292945356217734, 1.502476577044801, 0.0, 0.0, 1.7048474168629728, 0.0, 0.0, 1.7702787044512478, 0.0, 0.0, 0.0, 0.0, 0.0, 0.0, 0.0, 0.0, 0.0, 1.0914619105547354, 0.0], [0.0, 1.5510147425721832, 0.0, 0.0, 1.3331351136014227, 1.3037703971251127, 0.0, 0.0, 0.0, 0.0, 0.0, 0.0, 0.0, 1.8508405938104135, 0.0, 1.8315893720374574, 0.0, 0.0, 0.0, 1.2218685618355605, 1.6260140021986997, 0.0, 1.8030335425791155, 1.5953825671135944, 0.0, 1.2064597144910985, 1.5837174857306826, 1.244952902975669, 0.0, 0.0, 1.812718562912004, 1.1789598467408036, 0.0, 0.0, 1.5383357329467007, 0.0, 1.9108818081869572, 1.140512674848835, 0.0, 0.0, 1.3200335178011824, 1.6594913632702109, 0.0, 0.0, 0.0, 0.0, 0.0, 0.0, 0.0, 0.0, 1.4518472453529392, 1.5868102336929963, 1.4242656649445353, 1.2905699137799802, 0.0, 1.6514810290911675, 0.0, 0.0, 0.0, 1.217162336391525], [1.3057161430599649, 1.4023187094258045, 0.0, 1.405567846755865, 1.643307033347131, 0.0, 0.0, 1.6348953121827052, 0.0, 1.6155855343894918, 1.620637721129999, 1.6889546701821447, 1.2014669616958873, 0.0, 1.19343317224012, 1.4843267228686967, 0.0, 0.0, 0.0, 1.2214636696556953, 0.0, 1.290126842287912, 1.5140685568444976, 0.0, 1.1610636383518715, 1.9343573937417973, 1.3435241829542723, 1.5774377947602747, 1.315647486892154, 0.0, 0.0, 1.1704054703395552, 0.0, 0.0, 1.338057448191606, 0.0, 0.0, 1.5007137101567523, 0.0, 0.0, 1.4047206522196598, 0.0, 0.0, 1.5333769793673766, 0.0, 1.670271535150075, 0.0, 0.0, 0.0, 0.0, 0.0, 1.9374095397465476, 0.0, 0.0, 0.0, 1.1079900672328964, 1.3729358153945983, 0.0, 1.5392432880401667, 0.0], [0.0, 1.258759174854509, 0.0, 1.2591256819291263, 1.475816325557994, 1.5488640460513157, 0.0, 0.0, 0.0, 0.0, 0.0, 0.0, 0.0, 0.0, 1.8384233252175415, 1.1057208669252523, 0.0, 0.0, 0.0, 1.366092838764418, 0.0, 0.0, 0.0, 0.0, 1.646072476339547, 0.0, 0.0, 0.0, 0.0, 0.0, 0.0, 1.577073898579655, 1.7212596177674995, 1.2854848326635082, 0.0, 1.4693241269598833, 1.8409325522077467, 1.3704328583227259, 1.2982099293150042, 0.0, 0.0, 0.0, 0.0, 0.0, 0.0, 0.0, 1.377831031229238, 1.4646636943992413, 0.0, 0.0, 0.0, 0.0, 1.2449287400959725, 1.4687036348720202, 1.97828384475776, 0.0, 1.0556275413544527, 0.0, 0.0, 1.1712166963638566], [0.0, 0.0, 0.0, 1.553867535612954, 0.0, 1.5648260686369535, 0.0, 1.7678692515231575, 1.5507182861454, 0.0, 0.0, 0.0, 0.0, 0.0, 1.9159208684065168, 0.0, 1.2218685618355605, 1.2214636696556953, 1.366092838764418, 0.0, 0.0, 1.3803353256544315, 1.2110472235991923, 1.7157639109940166, 0.0, 0.0, 1.6226363687056935, 0.0, 1.378678207158296, 0.0, 1.848173683522265, 0.0, 0.0, 1.4742325047474725, 0.0, 1.4386888624818857, 0.0, 0.0, 0.0, 1.0850101518686852, 1.3548596665234005, 1.5020731018100584, 1.2910925990282431, 1.7765307672580923, 1.1894103239344989, 0.0, 0.0, 0.0, 0.0, 1.5486872581824, 1.4307233804593542, 1.2077227141225313, 0.0, 0.0, 0.0, 0.0, 0.0, 0.0, 1.5390488110382332, 0.0], [1.5751350500311738, 0.0, 1.4967501065411133, 1.604377598503436, 0.0, 1.7470262818622027, 1.6257885766548663, 1.4562099530234058, 0.0, 0.0, 1.1632249670914292, 1.7149732131226887, 1.3293740511997405, 0.0, 0.0, 1.6712086584646744, 1.6260140021986997, 0.0, 0.0, 0.0, 0.0, 0.0, 1.1239061776645598, 0.0, 0.0, 0.0, 0.0, 0.0, 1.5929054926869495, 0.0, 1.5737911863669196, 0.0, 0.0, 1.8893959450130384, 0.0, 1.4986439256927202, 0.0, 0.0, 0.0, 1.894053100298016, 0.0, 1.1931777306229743, 1.421896438920644, 0.0, 1.3127507161175298, 0.0, 1.4563744186490275, 1.4516891184482965, 1.2719711129734501, 1.5588517339833827, 0.0, 0.0, 0.0, 0.0, 1.8189663999576098, 0.0, 1.2198012287569406, 0.0, 0.0, 1.652664966722224], [0.0, 1.7784966224878136, 0.0, 0.0, 0.0, 1.4602597369318147, 1.5868617395666664, 1.3456936765195395, 0.0, 1.7974793821074275, 1.4248640472172227, 1.6312847506704748, 0.0, 0.0, 1.6063313954127676, 1.4856179563507919, 0.0, 1.290126842287912, 0.0, 1.3803353256544315, 0.0, 0.0, 0.0, 0.0, 0.0, 0.0, 0.0, 0.0, 0.0, 0.0, 0.0, 1.5620385436002633, 1.278472152430079, 0.0, 0.0, 1.4357543640243349, 0.0, 0.0, 0.0, 0.0, 0.0, 1.4792919842542593, 1.2523344541482542, 0.0, 0.0, 1.2881233142473671, 1.6163032447732042, 0.0, 0.0, 0.0, 1.6541062640128237, 1.5568648710492634, 1.6565043713618117, 1.2661500942417718, 0.0, 1.268083022076039, 0.0, 0.0, 1.1499682206028752, 0.0], [1.208500772643371, 0.0, 0.0, 1.6418855440049605, 1.1024639382343193, 1.4851646314588536, 1.698601652411654, 0.0, 1.7817688486332837, 1.6488504924291716, 0.0, 1.242301200758043, 0.0, 0.0, 1.7298150431956407, 0.0, 1.8030335425791155, 1.5140685568444976, 0.0, 1.2110472235991923, 1.1239061776645598, 0.0, 0.0, 0.0, 0.0, 0.0, 0.0, 1.1882158668433753, 0.0, 1.5723266568178496, 0.0, 0.0, 1.4303953753609702, 0.0, 0.0, 0.0, 0.0, 1.1956260711434918, 0.0, 0.0, 0.0, 0.0, 0.0, 0.0, 0.0, 1.632445418055748, 1.7182555910726198, 0.0, 0.0, 1.7333332172317242, 1.4563400985165529, 0.0, 0.0, 1.2723990958274782, 1.2992226626464989, 0.0, 0.0, 0.0, 0.0, 0.0], [0.0, 1.076270990845634, 0.0, 0.0, 0.0, 0.0, 1.697908390884416, 0.0, 0.0, 1.4651706890667178, 1.4888725339492594, 0.0, 0.0, 0.0, 0.0, 0.0, 1.5953825671135944, 0.0, 0.0, 1.7157639109940166, 0.0, 0.0, 0.0, 0.0, 0.0, 0.0, 1.3508342048430255, 1.5119803916818957, 1.4493297651678954, 1.2341254581216186, 1.6193771535307835, 0.0, 1.635059443950053, 0.0, 1.2915294128620032, 1.6285214676334872, 1.2415657913650961, 0.0, 0.0, 0.0, 0.0, 1.4508698437803247, 0.0, 1.4924973961505534, 1.820738950066366, 0.0, 0.0, 1.8917790833433306, 0.0, 0.0, 0.0, 0.0, 0.0, 0.0, 1.511217314760613, 0.0, 1.7078923309648286, 1.788726898639082, 0.0, 1.526416662247133], [0.0, 1.697256658168413, 1.5584256711669695, 0.0, 0.0, 1.369916788578534, 1.4422140756651296, 0.0, 0.0, 0.0, 0.0, 0.0, 0.0, 1.0259207885613009, 1.473316722917693, 1.4145874041963098, 0.0, 1.1610636383518715, 1.646072476339547, 0.0, 0.0, 0.0, 0.0, 0.0, 0.0, 1.2591962896281874, 1.341255011341089, 1.2887879979202974, 1.4052945724485508, 1.1993097613258492, 0.0, 0.0, 1.777906258617421, 1.395524302125227, 1.8827693605471094, 0.0, 1.5887411347894278, 1.1435452886387982, 1.6388725278223013, 0.0, 1.5576012469905898, 0.0, 0.0, 0.0, 0.0, 0.0, 0.0, 0.0, 1.4820468416672532, 1.2285651503414576, 0.0, 0.0, 0.0, 0.0, 0.0, 1.519295833914895, 0.0, 0.0, 0.0, 1.4254482062553275], [0.0, 0.0, 0.0, 1.5963245600619023, 0.0, 1.7374327224812964, 0.0, 0.0, 0.0, 0.0, 0.0, 1.6440083316707714, 1.52272702222605, 1.194305348590842, 1.3369633429038132, 0.0, 1.2064597144910985, 1.9343573937417973, 0.0, 0.0, 0.0, 0.0, 0.0, 0.0, 1.2591962896281874, 0.0, 1.7043289329605185, 0.0, 0.0, 1.2979395084389371, 0.0, 0.0, 1.5336234103670006, 1.5556959453571284, 0.0, 0.0, 0.0, 0.0, 0.0, 1.284275952958217, 1.311324448332817, 0.0, 0.0, 1.5353653241918073, 1.5562264148321423, 1.4516053106614535, 0.0, 0.0, 0.0, 1.6569546615182826, 0.0, 1.8574838258693607, 1.3785698351627902, 0.0, 0.0, 1.4973488736893874, 0.0, 1.4915300144780432, 0.0, 0.0], [1.8139370169134337, 1.172269350632043, 0.0, 0.0, 1.5070249319356215, 1.6416824103915701, 0.0, 0.0, 1.7621920878756379, 1.2831827139175336, 1.469497892623792, 0.0, 0.0, 1.7194854114254983, 0.0, 0.0, 1.5837174857306826, 1.3435241829542723, 0.0, 1.6226363687056935, 0.0, 0.0, 0.0, 1.3508342048430255, 1.341255011341089, 1.7043289329605185, 0.0, 1.5116617397493997, 1.6240499533874928, 1.3792828998696387, 1.6282411453019965, 1.5858575296585167, 1.6579041625060138, 0.0, 0.0, 1.2947060903201126, 1.223937113364881, 0.0, 0.0, 0.0, 0.0, 0.0, 1.8811694972061903, 1.284786208375394, 0.0, 0.0, 0.0, 1.6596534323987115, 0.0, 1.0723296068590105, 0.0, 1.8259730490777968, 0.0, 1.383850645514669, 0.0, 1.3735283278599006, 0.0, 0.0, 0.0, 1.7319190691468642], [1.6079217033690527, 0.0, 1.5705261483637816, 1.3143903671184982, 0.0, 1.2619901103110882, 0.0, 0.0, 0.0, 0.0, 1.7519351633397384, 1.6893657732587146, 1.587217058994316, 0.0, 1.1722011548114253, 0.0, 1.244952902975669, 1.5774377947602747, 0.0, 0.0, 0.0, 0.0, 1.1882158668433753, 1.5119803916818957, 1.2887879979202974, 0.0, 1.5116617397493997, 0.0, 1.572514049486095, 1.8495467439489826, 1.5260104865888722, 1.6559501295167292, 0.0, 0.0, 0.0, 1.7695510756475108, 0.0, 1.5497800395053956, 1.5203817234939254, 1.7573544831805878, 0.0, 0.0, 1.4185592005797651, 1.45729697552405, 0.0, 0.0, 0.0, 0.0, 0.0, 0.0, 0.0, 1.4241149969168627, 0.0, 0.0, 0.0, 0.0, 0.0, 0.0, 0.0, 0.0], [0.0, 0.0, 1.4493052871267293, 0.0, 0.0, 1.6564250087517591, 0.0, 1.5387605643554028, 1.308911705206161, 0.0, 0.0, 1.9330400868798547, 1.3708760743923887, 0.0, 0.0, 0.0, 0.0, 1.315647486892154, 0.0, 1.378678207158296, 1.5929054926869495, 0.0, 0.0, 1.4493297651678954, 1.4052945724485508, 0.0, 1.6240499533874928, 1.572514049486095, 0.0, 0.0, 1.4571523262135067, 0.0, 1.227545030705302, 0.0, 1.6661668234221954, 1.9178320551942523, 0.0, 1.466184999073552, 1.238870749613863, 1.796579502062767, 1.414166695743643, 0.0, 0.0, 0.0, 1.2420218638882319, 1.395484147744137, 1.5755553011741088, 0.0, 1.2962732283586398, 0.0, 0.0, 1.7470735710013916, 0.0, 0.0, 1.6187346736249686, 1.4921929147053068, 0.0, 0.0, 1.370756160166847, 0.0], [0.0, 0.0, 0.0, 1.5710633371391736, 0.0, 1.6858761087795546, 0.0, 1.5310528754878816, 1.8688868845525315, 0.0, 0.0, 0.0, 1.8543647467790398, 0.0, 1.4772979635268881, 0.0, 0.0, 0.0, 0.0, 0.0, 0.0, 0.0, 1.5723266568178496, 1.2341254581216186, 1.1993097613258492, 1.2979395084389371, 1.3792828998696387, 1.8495467439489826, 0.0, 0.0, 0.0, 1.6523951393303649, 1.6582824951704176, 0.0, 0.0, 1.2182219259954445, 0.0, 1.2998537532969956, 0.0, 0.0, 0.0, 1.163398610404545, 1.3478438698945803, 0.0, 1.8606613249348207, 1.145638335073696, 1.5389568442053505, 0.0, 0.0, 0.0, 0.0, 1.2498028268234678, 0.0, 1.4528847479772447, 0.0, 1.3889539730487774, 1.778378473335378, 1.1004412944311985, 0.0, 0.0], [1.245559546273348, 0.0, 0.0, 1.390992217484293, 0.0, 0.0, 1.4801843719963483, 1.6257327211699732, 0.0, 1.4297880099875873, 1.3649784871612158, 0.0, 0.0, 1.6668213245813621, 1.923750688013589, 1.5438133139204333, 1.812718562912004, 0.0, 0.0, 1.848173683522265, 1.5737911863669196, 0.0, 0.0, 1.6193771535307835, 0.0, 0.0, 1.6282411453019965, 1.5260104865888722, 1.4571523262135067, 0.0, 0.0, 0.0, 0.0, 1.469783610289129, 1.7121432754272723, 0.0, 1.3514503326371348, 0.0, 1.8996624386270617, 0.0, 0.0, 0.0, 1.1487693659887799, 0.0, 0.0, 0.0, 0.0, 0.0, 1.5474441987277152, 1.372025796474916, 0.0, 0.0, 1.3578396277509963, 0.0, 1.619632564594105, 1.7937669725932874, 0.0, 1.7070216894572914, 1.8126567663045332, 1.783181170054684], [1.7538076770491047, 0.0, 0.0, 1.3594982922638685, 1.3758193995288335, 0.0, 1.382481299307638, 1.6220432314798088, 0.0, 0.0, 0.0, 0.0, 1.8905818837005377, 0.0, 0.0, 0.0, 1.1789598467408036, 1.1704054703395552, 1.577073898579655, 0.0, 0.0, 1.5620385436002633, 0.0, 0.0, 0.0, 0.0, 1.5858575296585167, 1.6559501295167292, 0.0, 1.6523951393303649, 0.0, 0.0, 0.0, 1.4417855150091499, 0.0, 0.0, 1.393323266864111, 1.7427297347049406, 0.0, 1.5506795610875395, 1.7193401127453538, 1.5462836778578621, 1.6460194366944396, 1.6659297756174816, 0.0, 0.0, 1.594944519138532, 1.7941288534140662, 0.0, 0.0, 0.0, 0.0, 0.0, 0.0, 0.0, 0.0, 0.0, 0.0, 0.0, 1.5594676185260998], [1.4074637566784687, 0.0, 1.5414338819841336, 0.0, 1.3896561949856796, 0.0, 1.1154006099818654, 1.5981537560549441, 0.0, 0.0, 0.0, 1.588289603530248, 1.3551238859795425, 1.4461144948835123, 0.0, 1.1841078385257033, 0.0, 0.0, 1.7212596177674995, 0.0, 0.0, 1.278472152430079, 1.4303953753609702, 1.635059443950053, 1.777906258617421, 1.5336234103670006, 1.6579041625060138, 0.0, 1.227545030705302, 1.6582824951704176, 0.0, 0.0, 0.0, 0.0, 0.0, 1.176002413526766, 1.8754331564011781, 1.4778863627718744, 0.0, 1.1992388841339965, 0.0, 0.0, 1.5269579904567114, 1.396154372805911, 0.0, 0.0, 0.0, 0.0, 0.0, 0.0, 0.0, 1.2376586191628514, 1.726227318477345, 1.460234078960788, 0.0, 1.5515319785842767, 1.8025572434541717, 1.4195818507281899, 1.2536316547979356, 0.0], [1.2794162212428544, 0.0, 0.0, 1.7254370950555153, 1.5516560474380177, 0.0, 0.0, 0.0, 1.5265532541221056, 0.0, 1.4363726352237465, 0.0, 0.0, 1.4652879299749504, 0.0, 0.0, 0.0, 0.0, 1.2854848326635082, 1.4742325047474725, 1.8893959450130384, 0.0, 0.0, 0.0, 1.395524302125227, 1.5556959453571284, 0.0, 0.0, 0.0, 0.0, 1.469783610289129, 1.4417855150091499, 0.0, 0.0, 0.0, 0.0, 0.0, 1.675662649881, 0.0, 0.0, 0.0, 0.0, 1.596104560363712, 0.0, 0.0, 0.0, 1.9316970781299916, 0.0, 1.3062946042854988, 0.0, 0.0, 1.6689764656411317, 1.9176973780229347, 0.0, 1.6626719565388788, 0.0, 1.6557277522465996, 1.210037685770043, 1.687565975383531, 1.5978088764518756], [1.540990654013614, 0.0, 1.7757921109636838, 0.0, 1.5221785751410222, 0.0, 0.0, 0.0, 0.0, 0.0, 0.0, 0.0, 1.3515049032451696, 0.0, 0.0, 1.5430105173187934, 1.5383357329467007, 1.338057448191606, 0.0, 0.0, 0.0, 0.0, 0.0, 1.2915294128620032, 1.8827693605471094, 0.0, 0.0, 0.0, 1.6661668234221954, 0.0, 1.7121432754272723, 0.0, 0.0, 0.0, 0.0, 1.1789134793405496, 1.396542560344959, 0.0, 0.0, 0.0, 0.0, 0.0, 1.7129357869048045, 0.0, 1.6001204781659564, 0.0, 0.0, 0.0, 0.0, 0.0, 0.0, 0.0, 0.0, 1.0953208432311738, 1.136407099079192, 0.0, 1.3775840578836451, 0.0, 0.0, 0.0], [0.0, 0.0, 1.5816639379310264, 1.4933688052829166, 0.0, 1.8416313956582615, 0.0, 0.0, 1.689247552961523, 1.586866164652806, 1.4791672152053517, 1.5492324330555598, 1.3710394755420747, 0.0, 1.6223449680590534, 0.0, 0.0, 0.0, 1.4693241269598833, 1.4386888624818857, 1.4986439256927202, 1.4357543640243349, 0.0, 1.6285214676334872, 0.0, 0.0, 1.2947060903201126, 1.7695510756475108, 1.9178320551942523, 1.2182219259954445, 0.0, 0.0, 1.176002413526766, 0.0, 1.1789134793405496, 0.0, 1.167075018554399, 0.0, 0.0, 0.0, 0.0, 0.0, 0.0, 1.4488307724472862, 0.0, 0.0, 0.0, 0.0, 0.0, 1.5549723168217258, 0.0, 0.0, 1.933426771711603, 1.4036323451792287, 0.0, 1.6256324944240128, 0.0, 0.0, 1.4022603814523764, 0.0], [1.318828157531493, 1.7454077366123109, 1.4989176867357241, 0.0, 0.0, 1.1573945215255683, 0.0, 0.0, 0.0, 1.3081127138723556, 1.0967562884006727, 0.0, 0.0, 0.0, 0.0, 1.0398221139310628, 1.9108818081869572, 0.0, 1.8409325522077467, 0.0, 0.0, 0.0, 0.0, 1.2415657913650961, 1.5887411347894278, 0.0, 1.223937113364881, 0.0, 0.0, 0.0, 1.3514503326371348, 1.393323266864111, 1.8754331564011781, 0.0, 1.396542560344959, 1.167075018554399, 0.0, 0.0, 1.1448755201588532, 1.2614665817463524, 0.0, 1.9120892274228711, 0.0, 1.5448801486239243, 0.0, 0.0, 1.817952998815533, 1.5035230157735784, 0.0, 0.0, 1.5016855293933398, 0.0, 0.0, 0.0, 1.2295627717530593, 0.0, 0.0, 0.0, 0.0, 1.3315625450117152], [0.0, 0.0, 1.3775242194276296, 0.0, 1.4114448354930293, 0.0, 1.3240245890362166, 0.0, 0.0, 0.0, 0.0, 0.0, 0.0, 0.0, 1.4964859124863046, 1.8141404931764427, 1.140512674848835, 1.5007137101567523, 1.3704328583227259, 0.0, 0.0, 0.0, 1.1956260711434918, 0.0, 1.1435452886387982, 0.0, 0.0, 1.5497800395053956, 1.466184999073552, 1.2998537532969956, 0.0, 1.7427297347049406, 1.4778863627718744, 1.675662649881, 0.0, 0.0, 0.0, 0.0, 0.0, 1.215181419601427, 0.0, 0.0, 1.8255346366611553, 1.6507589502884208, 0.0, 0.0, 0.0, 1.2175121061590664, 0.0, 0.0, 1.4811817890320749, 1.1713777266034788, 1.9215908356268692, 1.7071011773104188, 1.5769973928961738, 0.0, 0.0, 1.4810819451464627, 0.0, 0.0], [0.0, 1.3972447363530536, 1.1469028409697128, 0.0, 1.1845364860286325, 1.4731460577507278, 0.0, 0.0, 1.1740691318797714, 0.0, 0.0, 1.4320358991756734, 1.2974613424306929, 0.0, 0.0, 0.0, 0.0, 0.0, 1.2982099293150042, 0.0, 0.0, 0.0, 0.0, 0.0, 1.6388725278223013, 0.0, 0.0, 1.5203817234939254, 1.238870749613863, 0.0, 1.8996624386270617, 0.0, 0.0, 0.0, 0.0, 0.0, 1.1448755201588532, 0.0, 0.0, 0.0, 0.0, 0.0, 0.0, 0.0, 1.2664163201752334, 1.6907619825241011, 0.0, 0.0, 1.247861691269337, 1.2920113246390874, 1.710330379090257, 0.0, 0.0, 0.0, 0.0, 0.0, 0.0, 1.5419984198661416, 0.0, 1.7329064545073125], [0.0, 1.564887635569319, 0.0, 1.6743717511505272, 0.0, 0.0, 1.4807478848149767, 0.0, 1.5451391463540571, 0.0, 0.0, 1.5809319278273366, 0.0, 0.0, 0.0, 0.0, 0.0, 0.0, 0.0, 1.0850101518686852, 1.894053100298016, 0.0, 0.0, 0.0, 0.0, 1.284275952958217, 0.0, 1.7573544831805878, 1.796579502062767, 0.0, 0.0, 1.5506795610875395, 1.1992388841339965, 0.0, 0.0, 0.0, 1.2614665817463524, 1.215181419601427, 0.0, 0.0, 1.4511753544047727, 1.449622421215403, 1.394887461768521, 1.8961409763284809, 1.3570835391770943, 1.1405985327253165, 0.0, 0.0, 0.0, 0.0, 1.472533335486265, 1.2951648210960918, 0.0, 0.0, 1.521519756000092, 0.0, 1.6735728203718467, 1.8169893816078782, 1.2875800786765423, 1.5713405090431447], [1.5778278083491215, 0.0, 1.6078605205352865, 1.3328785091461666, 0.0, 1.3649093967672274, 1.3718920249910895, 1.534902873798262, 0.0, 1.5542842553620462, 1.757961720628503, 0.0, 0.0, 0.0, 1.306962900399211, 0.0, 1.3200335178011824, 1.4047206522196598, 0.0, 1.3548596665234005, 0.0, 0.0, 0.0, 0.0, 1.5576012469905898, 1.311324448332817, 0.0, 0.0, 1.414166695743643, 0.0, 0.0, 1.7193401127453538, 0.0, 0.0, 0.0, 0.0, 0.0, 0.0, 0.0, 1.4511753544047727, 0.0, 0.0, 1.4800724060488175, 0.0, 1.2484299705187212, 0.0, 0.0, 0.0, 0.0, 0.0, 0.0, 1.424402023938944, 1.3798365568632267, 1.4114719845417922, 0.0, 0.0, 0.0, 0.0, 0.0, 1.2972536195314048], [1.7842679165742137, 0.0, 1.572869977893776, 0.0, 1.6485548416467017, 1.4953239609297575, 1.1368837732385153, 1.2283565040618405, 1.6847528692080473, 0.0, 1.4605064309671214, 1.5690034364085816, 1.8080838927160428, 0.0, 0.0, 1.292945356217734, 1.6594913632702109, 0.0, 0.0, 1.5020731018100584, 1.1931777306229743, 1.4792919842542593, 0.0, 1.4508698437803247, 0.0, 0.0, 0.0, 0.0, 0.0, 1.163398610404545, 0.0, 1.5462836778578621, 0.0, 0.0, 0.0, 0.0, 1.9120892274228711, 0.0, 0.0, 1.449622421215403, 0.0, 0.0, 0.0, 0.0, 0.0, 0.0, 0.0, 0.0, 1.6295344530245761, 0.0, 1.5062917650728167, 1.513457604653466, 1.338074898614557, 1.9548584769578217, 1.7265867540435855, 0.0, 0.0, 0.0, 1.7150975862628486, 0.0], [0.0, 1.242617339171002, 0.0, 1.1780596964659618, 0.0, 1.748933578425396, 1.6340090496621458, 0.0, 0.0, 1.6200849513753313, 1.802769245664966, 1.5310108644398022, 0.0, 1.4299637996489438, 1.4802034767667402, 1.502476577044801, 0.0, 0.0, 0.0, 1.2910925990282431, 1.421896438920644, 1.2523344541482542, 0.0, 0.0, 0.0, 0.0, 1.8811694972061903, 1.4185592005797651, 0.0, 1.3478438698945803, 1.1487693659887799, 1.6460194366944396, 1.5269579904567114, 1.596104560363712, 1.7129357869048045, 0.0, 0.0, 1.8255346366611553, 0.0, 1.394887461768521, 1.4800724060488175, 0.0, 0.0, 1.8726270134250669, 0.0, 1.769219439522899, 0.0, 0.0, 0.0, 0.0, 1.6601695953192146, 1.4654424453220456, 0.0, 0.0, 1.126563957887884, 0.0, 0.0, 0.0, 0.0, 1.5708089282871198], [0.0, 0.0, 1.4212903731339028, 0.0, 1.5098231267477802, 0.0, 0.0, 1.6640579505395192, 1.4712653793275048, 1.5698630603260555, 0.0, 0.0, 0.0, 1.9137462596792936, 0.0, 0.0, 0.0, 1.5333769793673766, 0.0, 1.7765307672580923, 0.0, 0.0, 0.0, 1.4924973961505534, 0.0, 1.5353653241918073, 1.284786208375394, 1.45729697552405, 0.0, 0.0, 0.0, 1.6659297756174816, 1.396154372805911, 0.0, 0.0, 1.4488307724472862, 1.5448801486239243, 1.6507589502884208, 0.0, 1.8961409763284809, 0.0, 0.0, 1.8726270134250669, 0.0, 0.0, 1.160873979770391, 0.0, 0.0, 0.0, 0.0, 0.0, 0.0, 1.9119441777939303, 0.0, 1.7012232489715537, 0.0, 1.4660134006111596, 0.0, 0.0, 1.2376618534445798], [0.0, 1.9157046513543348, 1.2826921768584065, 0.0, 0.0, 0.0, 1.5423671139722206, 0.0, 0.0, 0.0, 0.0, 0.0, 0.0, 0.0, 1.3322779013086168, 0.0, 0.0, 0.0, 0.0, 1.1894103239344989, 1.3127507161175298, 0.0, 0.0, 1.820738950066366, 0.0, 1.5562264148321423, 0.0, 0.0, 1.2420218638882319, 1.8606613249348207, 0.0, 0.0, 0.0, 0.0, 1.6001204781659564, 0.0, 0.0, 0.0, 1.2664163201752334, 1.3570835391770943, 1.2484299705187212, 0.0, 0.0, 0.0, 0.0, 1.6474486999279319, 0.0, 1.3085488767798723, 0.0, 0.0, 0.0, 0.0, 1.5277740749294746, 0.0, 0.0, 0.0, 1.110118302294798, 1.4263724685595665, 0.0, 0.0], [0.0, 0.0, 1.32000854630436, 1.1596620191426843, 1.3674117570187938, 0.0, 1.0985234067539373, 1.275724276216489, 0.0, 1.4289551451868545, 1.544604166019009, 1.278515180589816, 0.0, 0.0, 0.0, 1.7048474168629728, 0.0, 1.670271535150075, 0.0, 0.0, 0.0, 1.2881233142473671, 1.632445418055748, 0.0, 0.0, 1.4516053106614535, 0.0, 0.0, 1.395484147744137, 1.145638335073696, 0.0, 0.0, 0.0, 0.0, 0.0, 0.0, 0.0, 0.0, 1.6907619825241011, 1.1405985327253165, 0.0, 0.0, 1.769219439522899, 1.160873979770391, 1.6474486999279319, 0.0, 0.0, 0.0, 1.540997360115034, 1.4691748942007985, 0.0, 1.521559842246079, 0.0, 1.3396770528853355, 0.0, 0.0, 0.0, 0.0, 0.0, 0.0], [0.0, 0.0, 1.353763564595948, 0.0, 0.0, 1.2984807097959088, 1.6844877146735997, 0.0, 1.5157141482138377, 0.0, 0.0, 0.0, 0.0, 1.0520471044949085, 0.0, 0.0, 0.0, 0.0, 1.377831031229238, 0.0, 1.4563744186490275, 1.6163032447732042, 1.7182555910726198, 0.0, 0.0, 0.0, 0.0, 0.0, 1.5755553011741088, 1.5389568442053505, 0.0, 1.594944519138532, 0.0, 1.9316970781299916, 0.0, 0.0, 1.817952998815533, 0.0, 0.0, 0.0, 0.0, 0.0, 0.0, 0.0, 0.0, 0.0, 0.0, 1.3361071158989408, 1.1519149816740455, 0.0, 1.5483478155487758, 0.0, 0.0, 0.0, 0.0, 0.0, 0.0, 0.0, 0.0, 0.0], [0.0, 1.1813832966795443, 1.460738503240816, 0.0, 0.0, 0.0, 0.0, 1.1658449791440026, 1.3133305217358833, 0.0, 0.0, 1.7017947479547195, 1.3440506026350705, 0.0, 0.0, 0.0, 0.0, 0.0, 1.4646636943992413, 0.0, 1.4516891184482965, 0.0, 0.0, 1.8917790833433306, 0.0, 0.0, 1.6596534323987115, 0.0, 0.0, 0.0, 0.0, 1.7941288534140662, 0.0, 0.0, 0.0, 0.0, 1.5035230157735784, 1.2175121061590664, 0.0, 0.0, 0.0, 0.0, 0.0, 0.0, 1.3085488767798723, 0.0, 1.3361071158989408, 0.0, 1.4656838462127881, 1.5643848216754233, 1.490100998336347, 1.351881874633343, 1.4036929365309936, 0.0, 1.4623453489254619, 0.0, 0.0, 0.0, 0.0, 0.0], [1.1512094774022803, 0.0, 0.0, 0.0, 0.0, 0.0, 0.0, 1.4374659735704634, 1.6750567230449631, 0.0, 0.0, 0.0, 0.0, 0.0, 0.0, 1.7702787044512478, 0.0, 0.0, 0.0, 0.0, 1.2719711129734501, 0.0, 0.0, 0.0, 1.4820468416672532, 0.0, 0.0, 0.0, 1.2962732283586398, 0.0, 1.5474441987277152, 0.0, 0.0, 1.3062946042854988, 0.0, 0.0, 0.0, 0.0, 1.247861691269337, 0.0, 0.0, 1.6295344530245761, 0.0, 0.0, 0.0, 1.540997360115034, 1.1519149816740455, 1.4656838462127881, 0.0, 0.0, 0.0, 1.2786070243469967, 0.0, 0.0, 0.0, 1.086198509489001, 1.6374156503985116, 1.1409458812213993, 0.0, 1.262920855057911], [0.0, 0.0, 0.0, 0.0, 0.0, 0.0, 1.2729780040425624, 0.0, 0.0, 0.0, 1.4422127387110515, 0.0, 1.814878179555543, 1.8252411921784364, 0.0, 0.0, 0.0, 0.0, 0.0, 1.5486872581824, 1.5588517339833827, 0.0, 1.7333332172317242, 0.0, 1.2285651503414576, 1.6569546615182826, 1.0723296068590105, 0.0, 0.0, 0.0, 1.372025796474916, 0.0, 0.0, 0.0, 0.0, 1.5549723168217258, 0.0, 0.0, 1.2920113246390874, 0.0, 0.0, 0.0, 0.0, 0.0, 0.0, 1.4691748942007985, 0.0, 1.5643848216754233, 0.0, 0.0, 0.0, 0.0, 0.0, 0.0, 1.6558136269409192, 1.7923443774370622, 1.619174926256597, 1.5320378647721093, 1.604411704987861, 1.4742151472958767], [1.2259786886340642, 1.4966889671685153, 1.3477976316504883, 1.733266897618198, 0.0, 1.4066819940534967, 0.0, 0.0, 0.0, 1.7420085749223744, 1.1444405420519739, 1.788341075754297, 0.0, 1.516072904622622, 0.0, 0.0, 1.4518472453529392, 0.0, 0.0, 1.4307233804593542, 0.0, 1.6541062640128237, 1.4563400985165529, 0.0, 0.0, 0.0, 0.0, 0.0, 0.0, 0.0, 0.0, 0.0, 0.0, 0.0, 0.0, 0.0, 1.5016855293933398, 1.4811817890320749, 1.710330379090257, 1.472533335486265, 0.0, 1.5062917650728167, 1.6601695953192146, 0.0, 0.0, 0.0, 1.5483478155487758, 1.490100998336347, 0.0, 0.0, 0.0, 0.0, 0.0, 0.0, 0.0, 1.4573969427514315, 0.0, 1.2940212161858178, 0.0, 0.0], [1.4596270717122835, 1.6937062660717648, 1.25743065724403, 0.0, 0.0, 1.4929316940615593, 0.0, 1.2885850638381235, 1.923105549110796, 0.0, 1.4815092275925434, 1.5476975095104684, 1.4558653853497956, 1.4839920502039683, 1.6129782199952274, 0.0, 1.5868102336929963, 1.9374095397465476, 0.0, 1.2077227141225313, 0.0, 1.5568648710492634, 0.0, 0.0, 0.0, 1.8574838258693607, 1.8259730490777968, 1.4241149969168627, 1.7470735710013916, 1.2498028268234678, 0.0, 0.0, 1.2376586191628514, 1.6689764656411317, 0.0, 0.0, 0.0, 1.1713777266034788, 0.0, 1.2951648210960918, 1.424402023938944, 1.513457604653466, 1.4654424453220456, 0.0, 0.0, 1.521559842246079, 0.0, 1.351881874633343, 1.2786070243469967, 0.0, 0.0, 0.0, 0.0, 0.0, 1.4448326082990408, 1.7326632959175141, 0.0, 0.0, 1.4612688973750916, 1.1960150943345864], [0.0, 1.4261379524790079, 1.1005861041731217, 0.0, 0.0, 0.0, 1.520900654759941, 1.7768555813178728, 0.0, 1.7891390790588513, 0.0, 1.7198202575450021, 0.0, 1.4958778572642717, 0.0, 0.0, 1.4242656649445353, 0.0, 1.2449287400959725, 0.0, 0.0, 1.6565043713618117, 0.0, 0.0, 0.0, 1.3785698351627902, 0.0, 0.0, 0.0, 0.0, 1.3578396277509963, 0.0, 1.726227318477345, 1.9176973780229347, 0.0, 1.933426771711603, 0.0, 1.9215908356268692, 0.0, 0.0, 1.3798365568632267, 1.338074898614557, 0.0, 1.9119441777939303, 1.5277740749294746, 0.0, 0.0, 1.4036929365309936, 0.0, 0.0, 0.0, 0.0, 0.0, 0.0, 1.6487730321567875, 0.0, 0.0, 1.8594976309727855, 1.3557093530991484, 0.0], [0.0, 0.0, 0.0, 0.0, 0.0, 0.0, 0.0, 0.0, 0.0, 0.0, 0.0, 0.0, 0.0, 1.6858373083408833, 1.7742185046653973, 0.0, 1.2905699137799802, 0.0, 1.4687036348720202, 0.0, 0.0, 1.2661500942417718, 1.2723990958274782, 0.0, 0.0, 0.0, 1.383850645514669, 0.0, 0.0, 1.4528847479772447, 0.0, 0.0, 1.460234078960788, 0.0, 1.0953208432311738, 1.4036323451792287, 0.0, 1.7071011773104188, 0.0, 0.0, 1.4114719845417922, 1.9548584769578217, 0.0, 0.0, 0.0, 1.3396770528853355, 0.0, 0.0, 0.0, 0.0, 0.0, 0.0, 0.0, 0.0, 0.0, 1.6758012975365757, 1.341059759177281, 0.0, 1.6841150817429522, 1.6660950590125747], [0.0, 0.0, 0.0, 0.0, 0.0, 1.3407815747672154, 0.0, 1.3153407093665785, 1.7309990535791782, 0.0, 1.3973250372168318, 1.5926022227688112, 0.0, 0.0, 1.6625060472912199, 0.0, 0.0, 0.0, 1.97828384475776, 0.0, 1.8189663999576098, 0.0, 1.2992226626464989, 1.511217314760613, 0.0, 0.0, 0.0, 0.0, 1.6187346736249686, 0.0, 1.619632564594105, 0.0, 0.0, 1.6626719565388788, 1.136407099079192, 0.0, 1.2295627717530593, 1.5769973928961738, 0.0, 1.521519756000092, 0.0, 1.7265867540435855, 1.126563957887884, 1.7012232489715537, 0.0, 0.0, 0.0, 1.4623453489254619, 0.0, 1.6558136269409192, 0.0, 1.4448326082990408, 1.6487730321567875, 0.0, 0.0, 1.4722684467860918, 0.0, 0.0, 0.0, 1.4316397167502672], [0.0, 1.5099885266292778, 1.671060382392695, 0.0, 0.0, 0.0, 1.223110739391264, 0.0, 0.0, 0.0, 0.0, 0.0, 0.0, 1.4890473588987194, 0.0, 0.0, 1.6514810290911675, 1.1079900672328964, 0.0, 0.0, 0.0, 1.268083022076039, 0.0, 0.0, 1.519295833914895, 1.4973488736893874, 1.3735283278599006, 0.0, 1.4921929147053068, 1.3889539730487774, 1.7937669725932874, 0.0, 1.5515319785842767, 0.0, 0.0, 1.6256324944240128, 0.0, 0.0, 0.0, 0.0, 0.0, 0.0, 0.0, 0.0, 0.0, 0.0, 0.0, 0.0, 1.086198509489001, 1.7923443774370622, 1.4573969427514315, 1.7326632959175141, 0.0, 1.6758012975365757, 1.4722684467860918, 0.0, 0.0, 1.595416117594472, 1.673661542055636, 0.0], [0.0, 1.714279025853245, 0.0, 0.0, 1.4309282967408212, 1.7526392707336953, 1.7800911764757361, 0.0, 0.0, 0.0, 1.4409907186116233, 1.4567392797425194, 0.0, 1.4934512494284042, 1.6157705634303867, 0.0, 0.0, 1.3729358153945983, 1.0556275413544527, 0.0, 1.2198012287569406, 0.0, 0.0, 1.7078923309648286, 0.0, 0.0, 0.0, 0.0, 0.0, 1.778378473335378, 0.0, 0.0, 1.8025572434541717, 1.6557277522465996, 1.3775840578836451, 0.0, 0.0, 0.0, 0.0, 1.6735728203718467, 0.0, 0.0, 0.0, 1.4660134006111596, 1.110118302294798, 0.0, 0.0, 0.0, 1.6374156503985116, 1.619174926256597, 0.0, 0.0, 0.0, 1.341059759177281, 0.0, 0.0, 0.0, 1.389004495143573, 1.3891291904491385, 1.8953564660779674], [0.0, 0.0, 1.604839280935641, 0.0, 1.4165744447701654, 1.5380135860536819, 0.0, 0.0, 0.0, 1.527211004365022, 0.0, 0.0, 0.0, 1.2377574605292154, 1.6580314300163725, 0.0, 0.0, 0.0, 0.0, 0.0, 0.0, 0.0, 0.0, 1.788726898639082, 0.0, 1.4915300144780432, 0.0, 0.0, 0.0, 1.1004412944311985, 1.7070216894572914, 0.0, 1.4195818507281899, 1.210037685770043, 0.0, 0.0, 0.0, 1.4810819451464627, 1.5419984198661416, 1.8169893816078782, 0.0, 0.0, 0.0, 0.0, 1.4263724685595665, 0.0, 0.0, 0.0, 1.1409458812213993, 1.5320378647721093, 1.2940212161858178, 0.0, 1.8594976309727855, 0.0, 0.0, 1.595416117594472, 1.389004495143573, 0.0, 0.0, 0.0], [0.0, 0.0, 1.331037214144461, 1.0732889119121296, 0.0, 0.0, 1.4997777401942596, 0.0, 0.0, 0.0, 0.0, 0.0, 0.0, 0.0, 1.3247965933979997, 1.0914619105547354, 0.0, 1.5392432880401667, 0.0, 1.5390488110382332, 0.0, 1.1499682206028752, 0.0, 0.0, 0.0, 0.0, 0.0, 0.0, 1.370756160166847, 0.0, 1.8126567663045332, 0.0, 1.2536316547979356, 1.687565975383531, 0.0, 1.4022603814523764, 0.0, 0.0, 0.0, 1.2875800786765423, 0.0, 1.7150975862628486, 0.0, 0.0, 0.0, 0.0, 0.0, 0.0, 0.0, 1.604411704987861, 0.0, 1.4612688973750916, 1.3557093530991484, 1.6841150817429522, 0.0, 1.673661542055636, 1.3891291904491385, 0.0, 0.0, 0.0], [0.0, 0.0, 0.0, 0.0, 0.0, 1.2741099001947822, 1.1807209386049615, 0.0, 1.7333925497986467, 0.0, 0.0, 0.0, 0.0, 0.0, 1.36440209206505, 0.0, 1.217162336391525, 0.0, 1.1712166963638566, 0.0, 1.652664966722224, 0.0, 0.0, 1.526416662247133, 1.4254482062553275, 0.0, 1.7319190691468642, 0.0, 0.0, 0.0, 1.783181170054684, 1.5594676185260998, 0.0, 1.5978088764518756, 0.0, 0.0, 1.3315625450117152, 0.0, 1.7329064545073125, 1.5713405090431447, 1.2972536195314048, 0.0, 1.5708089282871198, 1.2376618534445798, 0.0, 0.0, 0.0, 0.0, 1.262920855057911, 1.4742151472958767, 0.0, 1.1960150943345864, 0.0, 1.6660950590125747, 1.4316397167502672, 0.0, 1.8953564660779674, 0.0, 0.0, 0.0]], [[0.1, 0.1, 0.1, 0.1, 0.1, 0.1, 0.1, 0.1, 0.1, 0.1, 0.5, 0.5, 0.5, 