[[[0.0, 2.3547636855223955, 5.550015691486513, 2.5477674290545775, 4.943539063947849, 0.0, 5.052682076535017, 3.168040448468978, 4.613966292418537, 2.153683556115157, 5.179296534352743, 0.0, 3.8902039679021683, 3.288593582263941, 4.0771732616017236, 4.07664099049175, 0.0, 3.788647918965702, 3.621961562165489, 3.838480049859407], [2.3547636855223955, 0.0, 4.818027667744423, 2.992504578570751, 0.0, 3.0643805997233518, 0.0, 0.0, 4.443611851042341, 3.2322788319716325, 2.588371987779092, 4.401662521768579, 3.879718216896901, 3.5884001785426496, 1.9931556549424077, 4.398105056037564, 4.158824906529981, 3.7521129731430585, 5.147294432396122, 0.0], [5.550015691486513, 4.818027667744423, 0.0, 3.0598432491608722, 0.0, 4.945713717093736, 1.6768077408365403, 3.279142890855029, 4.735033123546806, 0.0, 4.216971098243366, 2.8987722373428495, 4.164413387447553, 4.1741442935745985, 5.064118986734496, 0.0, 3.369583122261905, 3.2638364745988335, 1.6237488665876312, 4.882003990457917], [2.5477674290545775, 2.992504578570751, 3.0598432491608722, 0.0, 4.155990816195889, 5.057954690903196, 3.3939055884156657, 1.465593026681054, 0.0, 2.428398487707214, 3.7378117305495433, 4.508521372519972, 4.200858595594665, 4.958995871809023, 4.157160384497479, 2.7148232218618498, 0.0, 3.771850324872033, 3.126326895856004, 4.576545353427109], [4.943539063947849, 0.0, 0.0, 4.155990816195889, 0.0, 3.0529710471897715, 3.768344793222761, 0.0, 4.238982533746496, 5.1361566366602975, 3.029738507430344, 3.1194822704037843, 4.75581330002308, 3.158232736884549, 4.4059482243447246, 4.144409431352847, 3.41485243759778, 0.0, 4.550201152365596, 0.0], [0.0, 3.0643805997233518, 4.945713717093736, 5.057954690903196, 3.0529710471897715, 0.0, 2.8516726108782686, 2.945902401930268, 3.764890315187851, 4.495491892271495, 2.869699428236591, 4.767129850830475, 2.5552924750309423, 3.387012661141311, 3.9371728671970536, 2.9723389141714187, 0.0, 4.068143567322993, 0.0, 0.0], [5.052682076535017, 0.0, 1.6768077408365403, 3.3939055884156657, 3.768344793222761, 2.8516726108782686, 0.0, 5.039371592666644, 2.27457760326175, 0.0, 0.0, 1.536027636395223, 1.7793133686815084, 4.538904639447715, 3.194003551520126, 3.186653612261974, 0.0, 2.4647413819950494, 3.0716688223299244, 4.922642094278286], [3.168040448468978, 0.0, 3.279142890855029, 1.465593026681054, 0.0, 2.945902401930268, 5.039371592666644, 0.0, 4.767269890332953, 3.34668832127421, 4.183255312566908, 3.8117869408565603, 3.5207743622111147, 0.0, 0.0, 3.764979996824045, 2.3117538239495916, 5.311570203358691, 4.86999663701638, 2.6763679545556043], [4.613966292418537, 4.443611851042341, 4.735033123546806, 0.0, 4.238982533746496, 3.764890315187851, 2.27457760326175, 4.767269890332953, 0.0, 0.0, 2.250098990524438, 2.592255183098839, 0.0, 2.214789628959112, 4.682177125990926, 2.5918188243578784, 3.983960623476366, 4.150407803084356, 3.0005372678799413, 4.895648603345641], [2.153683556115157, 3.2322788319716325, 0.0, 2.428398487707214, 5.1361566366602975, 4.495491892271495, 0.0, 3.34668832127421, 0.0, 0.0, 4.0846907763991345, 0.0, 4.243312726019857, 3.81717015784504, 2.126098076537287, 5.10606033275352, 2.026554261099499, 4.977614541459335, 3.6089519918325226, 0.0], [5.179296534352743, 2.588371987779092, 4.216971098243366, 3.7378117305495433, 3.029738507430344, 2.869699428236591, 0.0, 4.183255312566908, 2.250098990524438, 4.0846907763991345, 0.0, 3.2776905059753325, 4.310165342640811, 3.5123591013597144, 0.0, 2.2551659258290195, 2.7493178633490394, 4.021915170650257, 2.4206287321022257, 0.0], [0.0, 4.401662521768579, 2.8987722373428495, 4.508521372519972, 3.1194822704037843, 4.767129850830475, 1.536027636395223, 3.8117869408565603, 2.592255183098839, 0.0, 3.2776905059753325, 0.0, 5.009030991803938, 3.2487710799484173, 4.80135800895985, 1.7793324238959909, 0.0, 0.0, 0.0, 2.5170107599909386], [3.8902039679021683, 3.879718216896901, 4.164413387447553, 4.200858595594665, 4.75581330002308, 2.5552924750309423, 1.7793133686815084, 3.5207743622111147, 0.0, 4.243312726019857, 4.310165342640811, 5.009030991803938, 0.0, 0.0, 4.599697059148702, 2.6343507543996396, 1.8553984872168554, 4.343274549336242, 4.428581799286978, 2.0200849215630776], [3.288593582263941, 3.5884001785426496, 4.1741442935745985, 4.958995871809023, 3.158232736884549, 3.387012661141311, 4.538904639447715, 0.0, 2.214789628959112, 3.81717015784504, 3.5123591013597144, 3.2487710799484173, 0.0, 0.0, 4.853052442527433, 3.8492082696000236, 2.9555044656363125, 0.0, 4.435782850353353, 4.38885497485597], [4.0771732616017236, 1.9931556549424077, 5.064118986734496, 4.157160384497479, 4.4059482243447246, 3.9371728671970536, 3.194003551520126, 0.0, 4.682177125990926, 2.126098076537287, 0.0, 4.80135800895985, 4.599697059148702, 4.853052442527433, 0.0, 5.065753878507574, 0.0, 0.0, 3.4677498525523838, 4.110112388917823], [4.07664099049175, 4.398105056037564, 0.0, 2.7148232218618498, 4.144409431352847, 2.9723389141714187, 3.186653612261974, 3.764979996824045, 2.5918188243578784, 5.10606033275352, 2.2551659258290195, 1.7793324238959909, 2.6343507543996396, 3.8492082696000236, 5.065753878507574, 0.0, 0.0, 0.0, 2.37921150362315, 2.2099667922737933], [0.0, 4.158824906529981, 3.369583122261905, 0.0, 3.41485243759778, 0.0, 0.0, 2.3117538239495916, 3.983960623476366, 2.026554261099499, 2.7493178633490394, 0.0, 1.8553984872168554, 2.9555044656363125, 0.0, 0.0, 0.0, 2.0433125088028032, 5.303847618210528, 3.565673369646432], [3.788647918965702, 3.7521129731430585, 3.2638364745988335, 3.771850324872033, 0.0, 4.068143567322993, 2.4647413819950494, 5.311570203358691, 4.150407803084356, 4.977614541459335, 4.021915170650257, 0.0, 4.343274549336242, 0.0, 0.0, 0.0, 2.0433125088028032, 0.0, 4.913405900565261, 2.63518746131614], [3.621961562165489, 5.147294432396122, 1.6237488665876312, 3.126326895856004, 4.550201152365596, 0.0, 3.0716688223299244, 4.86999663701638, 3.0005372678799413, 3.6089519918325226, 2.4206287321022257, 0.0, 4.428581799286978, 4.435782850353353, 3.4677498525523838, 2.37921150362315, 5.303847618210528, 4.913405900565261, 0.0, 4.777342457567621], [3.838480049859407, 0.0, 4.882003990457917, 4.576545353427109, 0.0, 0.0, 4.922642094278286, 2.6763679545556043, 4.895648603345641, 0.0, 0.0, 2.5170107599909386, 2.0200849215630776, 4.38885497485597, 4.110112388917823, 2.2099667922737933, 3.565673369646432, 2.63518746131614, 4.777342457567621, 0.0]], [[0.1, 0.1, 0.1, 0.1, 0.1, 0.1, 0.1, 0.1, 0.1, 0.5, 0.5, 0.5, 0.5, 0.5, 0.5, 0.5, 0.5, 0.5, 1, 1, 1, 1, 1, 1, 1, 1, 1, 1.5, 1.5, 1.5, 1.5, 1.5, 1.5, 1.5, 1.5, 1.5, 2, 2, 2, 2, 2, 2, 2, 2, 2, 3, 3, 3, 3, 3, 3, 3, 3, 3, 4, 4, 4, 4, 4, 4, 4, 4, 4, 5, 5, 5, 5, 5, 5, 5, 5, 5, 7.5, 7.5, 7.5, 7.5, 7.5, 7.5, 7.5, 7.5, 7.5, 10, 10, 10, 10, 10, 10, 10, 10, 10], [25.0, 37.5, 31.25, 28.125, 26.5625, 27.34375, 27.734375, 27.9296875, 27.83203125, 25.0, 37.5, 43.75, 40.625, 42.1875, 42.96875, 43.359375, 43.5546875, 43.65234375, 25.0, 37.5, 43.75, 46.875, 45.3125, 46.09375, 45.703125, 45.8984375, 45.80078125, 25.0, 37.5, 43.75, 46.875, 45.3125, 46.09375, 46.484375, 46.2890625, 46.38671875, 25.0, 37.5, 43.75, 46.875, 45.3125, 46.09375, 46.484375, 46.6796875, 46.77734375, 25.0, 37.5, 43.75, 46.875, 48.4375, 47.65625, 47.265625, 47.0703125, 47.16796875, 25.0, 37.5, 43.75, 46.875, 48.4375, 47.65625, 47.265625, 47.4609375, 47.36328125, 25.0, 37.5, 43.75, 46.875, 48.4375, 47.65625, 47.265625, 47.4609375, 47.55859375, 25.0, 37.5, 43.75, 46.875, 48.4375, 47.65625, 48.046875, 47.8515625, 47.75390625, 25.0, 37.5, 43.75, 46.875, 48.4375, 47.65625, 48.046875, 47.8515625, 47.94921875], [[1056.9722076745306, 1263.4628642953257, 513.1131207826265, 1934.2963067492326, 1780.0013424318574, 540.5044967467198, 1727.7746733747806, 149.92360821773087, 445.7136210747601, 973.8909987759549, 212.43359419737183, 1597.6818118889062, 176.28683723207095, 728.7298768507989, 1735.1201810349155, 64.84016045056462, 50.783417924031404, 978.5506349209803, 1148.7351556279614, 1713.9766296567761], [1085.8393342864608, 1802.4867261727375, 1795.2645322893, 999.1241725879077, 1582.176771951391, 1432.7699539103892, 314.0207454452977, 1473.1675851490243, 998.8782537236369, 953.8280726482258, 1236.4902637445023, 1431.725827855133, 1171.4867103757178, 248.95296540249046, 334.2950542168506, 1942.2345897633957, 177.48510612153035, 209.15750466968365, 1804.7647955370442, 1056.9165204430687], [1184.558156220536, 417.1627115191221, 1813.8064804156102, 595.8534160066251, 965.9943816241736, 1279.9234502177774, 906.7056570492524, 1649.8247452504975, 917.934844827435, 875.703948623511, 774.7484019268474, 1338.2107931974956, 1029.9980899759348, 2.43338574588714, 1953.5043381745556, 996.3945519052091, 1482.9188439430302, 1354.2506708756162, 1540.0558675328537, 1024.2993865019143], [210.59112046706986, 1960.5521517754714, 377.69470683817775, 909.2580467476579, 1885.899072976758, 515.6287332858726, 296.9560010173826, 502.8483413031799, 1107.6513526022434, 469.8168307329889, 433.09419726179834, 1346.978994644655, 1032.9158532341446, 1450.0398719388886, 340.14772412053304, 1732.308132803373, 1324.633393397289, 77.31651354671575, 1324.461258235381, 1105.2466518426609], [1342.2215602383417, 531.006429626542, 1401.9231388075598, 114.46632618056162, 288.88087009523724, 1386.953603546464, 982.2349525681917, 1936.2119990012184, 1290.60084970002, 217.96270430221165, 1221.980747399145, 878.1665967701362, 684.4049503573286, 205.00427162152369, 292.2659852088321, 909.0472269007623, 1723.3738729219983, 1504.8090442568848, 237.03665670547315, 1192.1465590859366], [749.7179285567419, 88.90566961043712, 754.6778160823992, 570.9368108779582, 18.78795239295572, 613.9446673718696, 1856.0421982642943, 1547.3661679502793, 934.8799300952413, 439.18025223391254, 1531.872159624022, 666.7513740702046, 1346.9163990643933, 1583.2275365398373, 764.3027634980944, 1269.668694410232, 1681.5465844831242, 371.0796111775676, 756.2898450595852, 1332.7121886692355], [606.9670625338055, 336.11936120286947, 1824.453715215393, 466.79217911562887, 1648.9431780916184, 889.0806465301646, 1284.6265391581067, 325.54841428554715, 661.602132910895, 935.5277624883291, 265.9258396956685, 850.2729683682828, 1876.2197405980385, 130.68872038332157, 429.5150785170838, 259.9612790941248, 1961.9473045442041, 1050.6538738736208, 467.789103624757, 642.2001923319427], [1551.6134662346583, 1755.271191506644, 734.2893590787878, 555.9451470943561, 1755.6610936746195, 1052.9480429243524, 131.7761816616707, 212.23590529994897, 268.5505385543836, 1104.0915522170096, 1988.6844906146678, 1585.2855618551264, 625.2472438546386, 426.3601106481487, 444.57476602082636, 1852.348885292651, 665.4599195485265, 1434.6419050224838, 846.597500049219, 529.9315527244732], [1711.3205147186493, 1494.2265798071992, 443.4421305611158, 700.2983336754068, 1466.1608491060172, 1803.2050714435168, 1679.850489163819, 1642.2377886149538, 1081.9237227262274, 1975.0852750100821, 36.34371684277471, 761.6927515078909, 1484.3989993565974, 1703.3426865022052, 699.6408733186407, 1815.6403470891066, 1752.2242773014573, 546.1392190299364, 343.1673012519787, 677.1416132193855], [122.3238792402348, 1402.1724132962484, 1489.5799884531414, 1615.6094078769552, 1151.1869800675581, 905.6916199582164, 1751.434616215415, 545.9242117335168, 101.71536829203487, 953.7817368355961, 318.74908225321195, 1230.2660531627853, 1606.5639957795688, 1648.9468862010551, 1911.5375789187835, 26.549116984861953, 336.6502787804193, 1272.657414696861, 1804.263839664908, 788.7193644402464], [660.8112418813723, 673.9333629642383, 200.38735584461142, 1592.6658848661125, 651.129978011432, 795.8872360278722, 1446.5073550539928, 228.19287397476074, 1243.4147746067304, 793.3611384954781, 1959.877408327668, 1689.23911488091, 1172.9554088243458, 1827.0705494818114, 1374.1151705856157, 939.4118922369498, 848.0226350356921, 719.7320231390536, 22.104878341172807, 99.24747663073896], [1918.0338619274928, 26.283978796010075, 157.09121944678395, 933.8207799537415, 1031.6775509307768, 775.1563980064849, 766.935276429982, 1770.9674220583147, 1629.077217653406, 1499.5810048033256, 833.9936163695806, 1385.984318479523, 792.0992466701191, 750.1384441837156, 161.43575776188456, 1526.698328618157, 962.8099256296942, 1454.8191597794705, 1405.0308040244468, 670.5565782101288], [301.8451796211772, 1974.7310775892727, 166.58014879724536, 409.8868249508405, 1706.2203993350763, 773.9995064357859, 599.7107958275261, 1421.3189122292379, 450.73172296551166, 777.3290084679804, 1897.0412528156612, 1237.2266308689318, 1758.4899167147369, 731.8838244269983, 527.221390804088, 554.695690356412, 295.5008169226616, 1973.2984468164643, 994.1758648282972, 1842.0216941214312], [1140.5673132611753, 554.8780841506804, 598.6392976018418, 382.5297916380259, 1340.453485268085, 1211.7774192734723, 1910.0422113711904, 1979.8614505387038, 1219.068220612609, 878.3838921416964, 216.98767961215682, 600.0239490177379, 1713.0692607592873, 335.5361512289177, 29.65172359683743, 587.1250757098838, 1563.2679305741722, 750.1575378459136, 831.1851837714148, 729.7167760606942], [1302.2894492173682, 63.19924958525669, 498.31333583479466, 98.23579569080843, 1751.2410349403397, 887.9365020223597, 1563.0963532878409, 809.9636653700868, 90.62020857842646, 912.6437793214251, 1604.2450502761044, 940.86010600797, 546.7815673525125, 671.6959023760089, 569.4676962903102, 1308.9366554937294, 1935.858795393574, 1144.01401777023, 733.7924520666608, 951.5321976699175], [752.738896559733, 1947.3512898397717, 654.4333445304713, 1912.2338025346237, 1312.1592495474551, 1171.2113822164235, 1377.7207863720573, 1344.8967150913918, 1753.2803115269148, 336.8304671260736, 1060.779896481005, 1459.7354877307098, 1794.6007899453773, 1695.513012536933, 102.49636241472481, 474.16852573923165, 1422.6311349370374, 1497.9998549112843, 1145.6677740932778, 133.37781454633802], [1575.1151263799625, 220.09121754038108, 173.29403980743496, 334.64313733693183, 1633.4375565303924, 977.1901249297421, 371.2798762674563, 153.6272115641415, 1194.4498614069687, 1426.5361338496155, 1254.588254693818, 339.1082879702025, 556.3722421140216, 1331.6536830568841, 665.1337764720984, 702.9746431406625, 997.4049645077114, 661.7837032527356, 438.57273276774157, 1526.3359926772703], [1106.421064480616, 1088.5618299037415, 1034.4902393740285, 1172.565999772167, 405.2799938249747, 1259.447561612954, 39.22508104725475, 780.7718893107966, 709.815675003356, 233.7661846660275, 650.9603391189864, 718.0148771557014, 49.362821389915766, 1804.631786153599, 1008.4795220822314, 946.4168466899943, 1053.755129585738, 622.926252279465, 1410.5423271161553, 1516.866816611989], [1895.6219252751257, 1431.7478449391426, 1953.1535819636963, 1158.831284770556, 1178.6968395666959, 652.8955842345117, 534.2273382440745, 647.9354019856225, 884.0846458491565, 1418.9744537244446, 1884.625434023572, 156.170535422661, 1161.3245178223701, 1440.9587005598275, 285.40518319656917, 1249.708021601571, 690.6704487505559, 1811.1768055297407, 37.35511135038605, 190.3695490467552], [507.25417440537336, 1707.9255841550676, 852.8486319918667, 1980.35466326089, 140.58736210195266, 725.1501890376737, 444.5238154456241, 468.39371214291134, 1232.3963077446792, 967.1883500108047, 469.71944403939057, 1721.1848614422543, 332.4483319694485, 342.46920767532526, 26.07470424453906, 1566.431638983267, 177.3487021093716, 458.8182688562108, 1205.8202879430376, 1353.9828027387882], [1598.5275923836136, 970.0758234436664, 1431.889588954585, 85.80240471151956, 299.4513458269501, 728.2512707753012, 1412.3197367966873, 1879.9370862455232, 118.62504366160343, 350.0422321901149, 1424.7690208933168, 388.15622419458083, 301.84817505015246, 1241.8234476099324, 461.93812120707724, 1474.1903915075, 1890.2238277403987, 535.0191012176524, 314.78669623801346, 1948.028867039403], [728.4043927205602, 734.2933188314398, 1902.2298599278472, 302.38750289058623, 1140.0279195694332, 214.9420687602337, 644.7316445257934, 1224.724617355543, 1080.2044577716435, 1174.1812821064996, 351.7807410708087, 877.1255299283391, 1110.5474860331376, 43.76912910479969, 1213.012233892986, 1528.811949290092, 755.0410681790902, 397.4284766788212, 1975.0370033528957, 1406.3301618834773], [898.0577940604038, 1181.0203645399001, 1498.5196103484693, 1326.2385693387694, 361.342584832848, 1309.6933080612919, 1987.1094940303824, 1608.8953778772511, 1943.9228999025934, 523.4955402953765, 8.44543268665432, 984.0054706671589, 1973.4477775276096, 1989.8406121374687, 1606.4049616326856, 852.7760583115427, 588.7906025275436, 941.9152839753211, 382.1930752843483, 1538.7590042337008], [525.9595074261605, 578.4046735382742, 1215.1947144829521, 1735.2961226143182, 984.2320753064832, 1211.5890821652245, 1764.275576685112, 1067.17635533564, 496.43302360043594, 1465.6563054816004, 444.5888244834571, 40.83492360364982, 746.1581415665695, 449.9633680583113, 867.5407903553789, 1302.0571359541395, 804.414092447342, 286.6891827475386, 1115.338718364031, 900.8223582439592], [1485.6893626967676, 1827.5388929443145, 1626.0400238474467, 360.0107674550286, 1485.0395767686505, 154.4733048776996, 181.61980930024058, 23.84441904516499, 1656.9595760809818, 541.0089642936238, 289.1593573872826, 1626.8936935002316, 1584.9104648659627, 1362.802262598844, 1020.679479256847, 1645.6319687067623, 1625.6926098110619, 491.2552892315325, 127.84735927825652, 1229.8725309281422], [791.9504825633494, 1245.6362112377346, 1884.5739497977124, 33.985394457526795, 918.8952476002397, 944.6840648739023, 553.9639532933827, 1711.4112337738957, 369.14974540678514, 516.9632043234604, 1349.5116185736229, 1560.6052981915661, 33.81278800352416, 673.2820241959363, 1231.8811107558145, 209.1104717941703, 1978.1847833087131, 887.4675600144498, 1466.6749410697466, 607.3758924741812], [1769.389476809037, 894.7826271497694, 1716.8803082642505, 1338.009197428509, 20.810474642515064, 1335.3674265887912, 1748.3451938458502, 1347.0871942729034, 1749.228791294591, 1939.3383006390966, 1626.0679928033169, 407.75351589676177, 1411.2996649460683, 1368.5510347382747, 361.20494091278357, 497.8925368891285, 1818.638344922317, 1258.0020100651031, 719.427831269329, 603.5814923561353], [1070.2405873887499, 241.18515880937917, 1526.2211471686105, 1129.2778262901911, 1427.7261512049656, 189.62015712528003, 1929.6285642869027, 612.0953658489101, 334.24754235665444, 1293.7846709970927, 859.9664942340148, 1042.0682311919538, 1896.1456294344216, 839.4294626425618, 937.3471252069314, 1243.5714268406593, 830.6321156943095, 1725.6167084228116, 754.6450683821231, 644.3334564917453], [1341.9303052331982, 1450.8495689743813, 1527.579736319603, 621.3338631349434, 1436.3956218119613, 1983.259561134826, 1883.9750981113589, 1791.6166274062878, 106.18386820534775, 144.47709865583192, 612.7117495671057, 882.9002617246391, 1168.9906283969467, 172.24293380403122, 882.8780044093955, 535.1967398386759, 874.812794784271, 905.0941396487901, 1738.4398729557556, 975.2097279303154], [49.643359906041965, 581.0173810482082, 1556.7709100520656, 1913.9380265062186, 1102.3659332605303, 879.3958776839377, 1599.9279421158942, 66.29446763226721, 602.6979150599021, 547.3575546273817, 128.58149744196834, 1573.9862649394165, 867.3982389693529, 84.057293630321, 1747.4681183441505, 1709.8809058638387, 473.0343028948773, 228.78404275827168, 526.4940210485023, 1018.1573954959848], [641.8605591176351, 1686.5521744964722, 729.5420908342245, 605.4959917053402, 757.3977184724731, 927.5820861503346, 1032.0271109615785, 2.632201969117842, 1923.0312888567353, 171.53683700969546, 470.6453196354643, 898.8825605246906, 394.2733762961337, 1798.737373962158, 482.5504631675821, 605.8956176997758, 1696.7771533101143, 1704.7299481259267, 809.4754417936527, 1412.9034254169746], [1417.5523813582865, 802.502756212919, 424.02571684618385, 1664.5884160873024, 983.0805688150497, 1308.060417930182, 557.3911974245542, 353.82090821913124, 1832.7993918102145, 1777.4029781184893, 796.4212381379665, 1473.2620272128286, 204.75895418856726, 636.3657365423079, 102.3730010497268, 647.2385752882559, 718.1496142901298, 327.0442473327682, 777.387958022572, 239.96613826121526], [1108.8233774672508, 884.9850358989117, 555.1939960612051, 1718.9403910103465, 1479.7987250766337, 1110.3287459627422, 1738.1072494485718, 910.2580466025867, 252.6675496469115, 1882.3036982453682, 901.4815967085439, 58.82834561444383, 1104.4647423343406, 965.5086912133175, 1809.340533146596, 1506.0746883601112, 1539.1063023501918, 1105.42680083026, 1803.4580094659682, 743.7561415509615], [729.3580004563804, 244.6854738951434, 1016.2716595399115, 598.5951777567528, 63.07024732189292, 39.93655070114044, 293.86682381047024, 1708.0508974780546, 74.57793458946615, 1428.038488505086, 1662.3456372000644, 1972.6942171882947, 489.6683315228223, 1391.1525400548874, 1510.2454087600581, 782.4844615444853, 964.6458732539744, 1092.515307549963, 174.16924435310844, 332.2567363099071], [253.44854947130523, 241.12845859571718, 316.4108424052312, 45.593741321777294, 836.5036147967364, 282.3603779669634, 13.29815437830395, 1601.8952397045664, 1950.0295202727152, 1611.7676229385795, 1487.3460068679533, 975.2700028458014, 1721.0211083977547, 534.1918693159264, 1586.9155060547519, 1282.393387091491, 186.07410658865354, 1425.4337044050149, 1707.7716554852766, 93.08501207913666], [729.0969494241424, 233.75410522295925, 986.016808113981, 491.21278051061125, 514.0004257832613, 167.87294705407453, 656.0139279969302, 1186.0029315906538, 737.2199032362658, 972.7267788575214, 1694.6070396983587, 1989.0833714815856, 1960.2701087294265, 530.9302593829135, 26.2683410799458, 246.54412345425226, 431.5632315166842, 245.5228046728013, 1895.1063902549186, 1086.0360079024986], [1962.1283551362494, 1766.4397325225061, 1614.0953968603062, 1420.074341275033, 699.6107938907445, 703.8853413191284, 586.5077474032263, 1932.6946555482546, 1934.7525664023144, 861.1041811718276, 169.93681403576088, 1627.1720268407798, 951.5672005953281, 171.17778819461128, 235.22106487467974, 1305.2226484576818, 1976.550226464768, 456.8230839006633, 149.12075088141586, 1514.5832000624896], [817.6457094860033, 578.1790106227862, 729.4887581779317, 1403.379479225578, 447.12774826878166, 1052.800693369617, 652.8022420367787, 888.8429473369428, 1285.9704584304873, 294.38265556263275, 1729.2496191266546, 35.090080539732284, 1072.048340104059, 1954.8783593642586, 1420.1976625082946, 1083.375464088187, 1953.4932467593214, 1560.4873705305672, 171.1423084424266, 1780.4858018356194], [684.2333711297679, 97.44007051858827, 505.24903072906204, 1982.2648766406182, 1169.4498667609414, 1998.1110716896023, 1169.7141741247467, 1519.325393174261, 1735.5537037741337, 721.1490885414098, 679.5534232237706, 951.3620559041784, 1934.1600684808573, 603.8105238432789, 852.553477456028, 1296.1072112287904, 284.62058302346117, 1276.7699032324751, 451.6407494245056, 1788.0614547799887], [143.64794103008705, 1814.3492724107368, 247.87916502057362, 1314.6256331074126, 1422.8412731958667, 1663.8658842515333, 1179.5228202722226, 965.0947795505493, 177.28692641079925, 1844.21508731276, 495.7918459920696, 1474.5233821827485, 934.0320269197442, 708.7279554604779, 900.0222903838893, 1300.8160826170238, 539.6848848642575, 1337.9672419779529, 881.2856577871988, 1120.6310206110727], [1941.997647954667, 1601.4517764886996, 1412.5842434048695, 1958.6078035687315, 1563.0726319374644, 501.19705771054356, 649.5231377284731, 967.3527085673561, 1464.1994232639624, 385.4827540167225, 401.71232606512854, 362.86363299426915, 474.3251515130273, 1011.8905537300353, 211.00228473401873, 39.650686030949785, 414.0211520988546, 971.3970184666971, 1684.5830734821943, 1854.1067514506174], [907.3097019631291, 331.05141927964274, 968.5566008658915, 442.6506207514573, 991.727620982829, 386.33371667160634, 1925.9607244540605, 516.7090449679725, 59.37234371907096, 495.13743763937003, 1616.19447327002, 714.5944002598712, 1526.2748435318708, 724.7644446978738, 1453.1789488712645, 705.6866996573283, 455.35854719970945, 434.22146932857777, 1423.0114197874207, 672.2649026232021], [1410.2937429855633, 261.2875005105166, 1997.3252568591715, 1462.659528935828, 1790.5079294846644, 1844.052057819816, 1599.325345485716, 1576.9578215609158, 1301.5428826328703, 880.8112522415348, 1506.2293120119793, 133.6438285124799, 997.5450553200773, 363.2668317061734, 92.12601937369502, 91.9678849236858, 1678.2175790047963, 642.5905888042042, 1016.4511241699125, 530.9797001352357], [1611.913301295534, 728.7430187364558, 1790.9162038283378, 1787.791452066807, 56.54891126520045, 1665.9383683530377, 1347.0263980145744, 1252.7111315783288, 1519.620429815745, 1480.9950152269057, 1646.1963616121361, 900.9616945395569, 1929.734013102887, 1062.193242888834, 744.9310659000994, 704.6203765676615, 371.59515781685235, 346.3256901500651, 1227.0516759869688, 418.36673724475105], [1166.0416946023024, 44.16083310950714, 428.81087647946424, 1120.8948787295674, 995.0062734789453, 925.9616180922899, 1307.064770148384, 309.2748615833276, 657.0648954415581, 1505.1287855470075, 981.4483688576598, 1691.1398700652617, 1187.2761447535304, 1381.9169163044303, 321.27877562781595, 1035.4788794576184, 263.72340268047157, 1350.8618569268676, 1272.5179907410077, 129.01853793497665], [492.29511827959385, 1182.8879075743696, 811.1997343811807, 1613.9651906732367, 1470.826837086066, 1788.2014444696047, 532.4870490505375, 1438.4221715444123, 986.2675473403617, 1165.395660164, 1596.6698646686593, 1566.3357549494556, 1213.2236945681548, 1431.5019914569336, 198.6694452086777, 32.659154797167076, 738.9177717090571, 945.4373066097843, 1106.3655841200837, 158.56925842745738], [971.4674085363473, 265.07335207521334, 48.04839510242087, 733.4642037376829, 584.4145740865248, 780.8538502380574, 1301.37470935836, 1611.4024228189508, 1937.5369196834513, 163.56406158212434, 1486.2849254760188, 1816.02511417794, 767.4953370338693, 607.8178627232683, 166.2645527540021, 424.0735844504042, 1856.6970914024257, 1026.3528816778833, 1270.871783501926, 133.75165264145173], [748.4293323893804, 228.10159287388078, 1564.8990995963202, 752.0007828483422, 1176.806553056595, 1906.7321317596363, 155.6359783795338, 297.3708919717466, 879.8044897142601, 1624.07865032705, 535.8453127868603, 42.02911729331738, 967.0780897359139, 291.51894151594183, 1251.3053024883848, 1839.822546816722, 491.32615100143727, 704.999525367078, 759.337859884283, 360.07308908038493], [851.9562174320985, 1654.686159730572, 588.7042997460394, 167.49014774072091, 78.81752038726874, 1354.8976366520121, 881.087665426395, 122.62602937697875, 684.577152175929, 972.9660201565722, 1124.3196632249417, 1780.809448818213, 1325.851936090443, 327.04063896460366, 742.7511428479258, 343.7305859635844, 1557.507032687078, 1733.2777085500588, 1041.2068375911404, 847.5821946285613], [1626.5791562419997, 1998.9544968302541, 979.6818051393694, 566.0669646084608, 1095.6693992036517, 1618.9927286004593, 1673.1509031077103, 239.19766446109492, 291.39454837006707, 1100.3582629768496, 987.660519971624, 678.3710013659172, 1136.3508904483192, 262.11237838555854, 1998.5560888233967, 1671.6601136097993, 843.0569973170317, 820.0039694552454, 327.0825847815657, 1803.6478596250574], [173.41321201688407, 1382.0201281339894, 831.2291442750845, 1821.0446845093848, 122.49209521130622, 1797.7453436271503, 1073.6187297746321, 1353.980613326623, 634.473103821948, 710.3370461857259, 829.6834195599097, 1058.5877373111734, 1243.972471211695, 590.3528797048066, 749.2527294098533, 1384.1707934254964, 142.59936795107575, 136.74061761340982, 1359.391297919804, 157.6078207306222], [478.88885242159995, 776.845771996431, 1786.8954146554097, 1856.785897822214, 1517.7771730277411, 982.9541219568933, 684.7267379317324, 1915.6201631647123, 960.8600748782056, 1178.3410625667707, 1597.767583108868, 1553.33940576442, 1092.4829567415306, 633.7464574216721, 664.0936326989003, 23.042255949876633, 1700.8675180489572, 967.1390134840998, 529.0356187280687, 311.6248647385318], [1691.0073972099149, 1436.1803199679455, 1206.0640165788711, 1626.1451773959197, 1084.6353535198136, 1191.3885047399428, 1307.4126592193281, 1799.590329333911, 1214.0072213095727, 1911.951739865676, 774.7439297496652, 1450.129730908516, 1294.694577631634, 1622.2740077249382, 1138.108820456626, 1911.1165510716235, 635.0293483815144, 152.78206373272397, 901.2824582955783, 298.68875358252535], [782.8695195258755, 1420.8589617716393, 1197.4850403686041, 1011.4802436863848, 460.71542668751977, 391.7020872430914, 1607.466250314303, 132.37976012524322, 1463.5343109496437, 340.00671224383126, 934.145291216202, 78.97106394521325, 531.9589479211759, 393.94526534866327, 1789.6930976861208, 1844.378759268782, 552.2106611606923, 1922.6314504074837, 1275.2236243795742, 1182.3303581332982], [1250.6071449240626, 1187.007084232037, 524.7931881576663, 441.2504962806851, 900.3893546449638, 510.8446153923214, 644.8883062736872, 1618.9205010334535, 1078.5734548289722, 1847.4585406139697, 812.1361667581137, 1541.2018869196, 1953.2465743852895, 1298.882799481408, 1585.9279941213565, 1682.5330199125112, 1964.2199471690008, 974.438602310381, 998.8119023727863, 1655.4706113467416], [418.1569020600604, 402.93725579180494, 1276.7824174571476, 413.43593204669713, 1980.53945942568, 1225.9618476280775, 1850.033493884175, 977.1710406730432, 1857.3339601757345, 1488.8407311708377, 1381.2079997120795, 1375.0380246181155, 1955.3280809172206, 777.863745128959, 1301.9458783112652, 397.41349954886164, 1044.9055271096793, 5.468471717192003, 1219.4344104759007, 1402.5637357501041], [1571.7616324690898, 82.72043496804949, 1635.1140652505435, 911.8753372656146, 538.4317496887301, 1853.3890179486916, 999.9721987331411, 1240.7085025713181, 1708.437679105135, 1070.78057484464, 893.9998775120932, 1062.2845797114085, 718.9796473041474, 1603.8505878317808, 1016.9480650722753, 1688.6188699499162, 430.113382625227, 1844.8947591909211, 212.8213432297539, 1428.0727844784897], [795.3460742556268, 1477.2965881715386, 822.6620707329613, 1277.1269763149235, 1813.5985149591388, 387.9881042196547, 1419.2223727348094, 347.9038198340263, 948.6129689132623, 1187.1264919711057, 1097.1975505320966, 1803.1008942284343, 1859.9915346321695, 287.22010580508027, 1731.4837688445336, 1485.1646958356566, 490.3609164132479, 1109.8150451101424, 564.085025292649, 491.0794430067744], [654.9858698548235, 1390.7653779406332, 819.1635737130971, 163.6661935708723, 1367.8781750363046, 1074.4288543706703, 1500.1330016270706, 1777.5194627361948, 155.8343443503931, 657.3527208934196, 100.85488934586007, 777.9165847035765, 1302.4416646393888, 281.14787368958736, 1455.0925181557182, 1032.8205082558536, 894.6278091287472, 504.0226833496724, 149.9053408699891, 1830.7692890529454], [1081.958934338754, 62.221403017200586, 1492.5991083533188, 1295.0332122901448, 1033.708174470705, 1742.5566899241423, 345.6438703996092, 1568.3089883265097, 925.7645728320283, 1134.2965922757849, 1064.7513035346988, 620.3574054278012, 1641.3508555295289, 1772.3697009283012, 754.6600323575939, 667.3913691605591, 1508.828323453975, 684.5627999475048, 185.53779896276, 623.3612464742315], [1724.6932315816211, 1426.6553434968641, 1010.619054889853, 476.81997033465206, 917.7996488991834, 249.61036310851293, 1082.0886109366757, 1112.0157049653917, 0.36312975229746414, 1580.4904266521921, 822.5114525486364, 970.4539351738013, 1505.9693003857649, 1274.7156028453685, 1855.5074946387592, 415.6692535060014, 141.82057850807684, 1275.3343210883047, 1837.3214135637124, 166.2480922791192], [439.103086590521, 389.97292513167923, 1909.4713000450884, 1582.9053343628475, 1483.0599100062832, 899.000819564576, 130.88417439208078, 360.6342241827629, 967.5777585376272, 680.7949328615799, 430.5429881661602, 169.2431631067015, 635.3854472830349, 528.5345475957371, 89.41444250671427, 540.9515346504484, 1531.4765866077873, 687.3616463617025, 216.61846723692003, 1306.4984079706928], [1193.37475037526, 28.405764373268248, 672.3355617602869, 1678.2690348275876, 750.7762564395534, 878.2936877027249, 674.293917711688, 1132.3882992308363, 980.270223035173, 1927.6706778336336, 820.1305992608998, 53.54644673622588, 673.9824782280604, 664.2130246184779, 1545.0757664876119, 785.8398578394085, 562.1615690937809, 1301.2083136734122, 87.16459247679408, 1671.7852505985425], [1935.8181676389145, 743.7133023313338, 300.87937439953527, 1879.3557071904042, 397.624192981318, 1333.8131979778755, 822.5963718361817, 279.36764778635893, 1390.2976739527326, 1640.9678178721394, 1502.735330084444, 1399.6432257306403, 487.76702285927877, 352.0496806329305, 1224.0095685001563, 134.80540977619236, 272.89169222029, 207.1265477877051, 1715.023414979472, 1491.3254219356536], [1097.5680064687203, 1271.9022066735674, 413.7274874344119, 571.2360812297104, 348.9003646726034, 1322.6884531304177, 108.52787605774861, 1495.348388425996, 1037.1528162086129, 401.43679482832886, 1555.396447411717, 1246.780058683914, 716.2217226461321, 1880.9216242459468, 1065.9963048995278, 769.6454243707387, 1872.0094821689383, 1501.6813438429206, 1607.4294807795168, 1081.7897018796998], [927.5950993004305, 947.0480348695611, 210.1510908615327, 668.2850813737505, 1015.7533726118018, 680.9431999440462, 395.15348992372725, 1429.2173735872145, 432.585098326403, 1879.2196323651522, 1416.6170906735695, 484.1937347748413, 1060.0229195006712, 1137.4116037746994, 1238.1635509574332, 1073.195264312918, 1609.4668001741595, 712.9529626590725, 1884.1765331373822, 1551.1543163465137], [583.3744609688109, 1804.9811334262022, 1963.4076595658007, 852.5461454655061, 247.1466975698593, 552.7977306700194, 371.2750187875602, 685.4157335414146, 1280.2471203011105, 1835.776550672908, 1675.7469767168732, 1972.5883755200932, 1309.7814042467978, 934.6733219497731, 151.78464277976224, 861.1452971904577, 1872.3643140835268, 610.7271635384384, 1192.3252236507508, 1401.602640757211], [1996.9022769285039, 503.4912872729254, 1477.1163577193613, 1347.2146470529688, 678.1473530088953, 1096.448396059189, 1086.2557514865546, 1289.0360934347398, 289.4757654801672, 146.21988503376394, 1442.3505598268416, 413.6833429342328, 129.4562329078106, 281.0559105489423, 1100.5229179274234, 1462.6638669767174, 276.3621341962825, 1372.4011852331516, 1771.0728505716843, 513.6830469743379], [152.94697526507005, 636.1927579633646, 11.11310814506239, 1048.1144487898787, 470.8274922166087, 824.2731255089801, 32.89220637088075, 917.8222452560867, 1492.9374108244372, 1595.2170641609748, 386.13453462053695, 298.78975330671454, 1822.1714778767202, 1452.3409583045946, 1315.5767375267606, 891.984179140211, 489.08399833605245, 1429.203042769798, 1890.2868964014624, 1242.9153550558542], [285.5103202640621, 397.20427374511337, 1931.884560248519, 1500.5105769602915, 79.32828296474703, 928.7860901836764, 434.17145941307876, 1799.769986072107, 1509.0003054423607, 525.7253610920427, 1134.0051134805537, 1625.6540353670864, 1315.229122127337, 235.97771282210766, 682.9683197140087, 988.3899895041635, 1023.3838182720598, 1894.911825820882, 14.19744246491672, 1058.665942946109], [565.9729448119895, 307.00526665510284, 510.0524754540914, 1937.0767307230258, 247.86223392583494, 1819.2383729763394, 1497.0542421544535, 1762.0831642480634, 1611.961777755376, 1862.3075561829362, 674.7016771571986, 645.563411981267, 374.2340795402237, 849.9611846441321, 1084.552509334859, 1024.276077397222, 68.34499030165308, 265.36217759548776, 1349.5354449410431, 382.82374287137145], [45.18445819284778, 29.927587384309895, 1467.0964640887273, 262.17408182851744, 371.40023408695424, 1603.3539234191612, 31.87750661771438, 994.1236147170845, 865.8264494063361, 54.59361212862412, 1834.4659312644899, 1462.5104578417875, 847.6222414125938, 648.6868863155711, 42.27834759634419, 630.5921304300956, 681.7219705769761, 1867.5996347695504, 822.9093749190959, 584.6029042997587], [755.5998539415903, 756.7783670003041, 1777.0531622924436, 6.9160219769333064, 632.1940689382957, 1678.4913046562615, 1810.1232404261082, 1521.531521335373, 839.7085051329695, 1200.8205083692053, 1404.163969821371, 38.214360281952686, 1911.6795717010286, 1104.9470495660903, 1085.3246898798418, 1375.1992257778031, 1011.4404414166023, 1261.8837068419625, 680.1484671952096, 30.001782271283474], [1260.2874281326483, 1703.0192220764009, 1576.1182075561485, 131.32706334092114, 757.411136688666, 1028.2573634049666, 143.65086715639563, 1302.3665762728438, 1937.025530909297, 17.756835000541706, 1241.3010527757406, 1170.493494293702, 705.8784441205999, 1577.4414809137038, 275.8228718695308, 1541.8239312361613, 630.6399512543042, 1361.5259740879114, 837.6356273793326, 909.0824973623504], [492.8341488860395, 926.4981126801028, 155.5753724592197, 923.64021131244, 998.0131202846816, 1096.7607269597415, 1230.759232062501, 1691.3605647424956, 1964.2620086115694, 1602.370427053977, 239.90925777091522, 1668.4407306665616, 310.0745448019697, 611.0257908427952, 400.77571741259965, 618.6086081168804, 1293.1246510912963, 1754.561083984823, 396.0360365703506, 35.36888414653849], [993.6861932583023, 975.7314375886648, 883.0960609717429, 1934.9726310133724, 57.51512284728766, 433.4463690247752, 924.5098350174615, 801.4230462132455, 257.63577899575176, 82.30679856502898, 1789.0454263204567, 956.4013315104827, 1752.0503498497437, 159.08149176881525, 893.3457491178305, 1066.0500876974609, 1692.627608563122, 85.669363123833, 454.39483475203144, 806.3756608465593], [988.6817830914833, 930.2570515839221, 88.94889218665014, 445.84958604154525, 1853.700555395045, 1405.7314044318982, 358.2790462315557, 948.7128286737175, 1532.1071865287909, 918.6029402820202, 1969.8346207878585, 1399.0901550419587, 1118.595595142077, 834.4202855652745, 1178.8099966808804, 168.27218135158682, 1769.2687208356947, 1498.447642578005, 1159.8226542412592, 1451.1254877301722], [507.82655488880704, 626.4164313914855, 1573.3143787979382, 1953.462939557023, 1794.3516697716539, 1820.6489421316935, 981.1989288386351, 621.6852571426639, 447.7459524562357, 1869.6978851385504, 1339.6390465371223, 371.233842546155, 161.28509944550885, 306.6782974814992, 771.2672566976136, 534.3381168280791, 951.7206538947354, 602.849029128051, 871.2679865660109, 597.5583863963934], [838.7697566275638, 339.3143093428319, 944.7952636966465, 398.41519366820967, 870.6188048773967, 701.8848316616337, 1825.3563199104478, 1097.871712608295, 578.2827254564385, 1700.83163309944, 951.194711506051, 419.47937873616235, 959.201637070366, 1726.3835149677507, 1122.4190530926724, 675.1373425392819, 1480.2392776567929, 688.0007808022333, 1760.9312731583566, 1202.8917894265344], [1399.4040581666432, 526.8510997725077, 1025.4568121688628, 216.22819873055454, 1672.0988185940455, 831.0543539186713, 621.2385018886499, 1518.7028262775823, 1907.3919962431821, 918.0941739462331, 547.9217232572823, 581.8756528883606, 657.6707218675184, 1102.7831830448777, 328.17078262441447, 1956.0310971647145, 391.8542288108129, 246.09330812807983, 1060.2459118996562, 1756.8953846704358], [585.1840875892125, 1943.0141979630123, 715.4340108801775, 906.9894095660611, 1375.9394762680424, 1561.0678588473606, 1056.1046757568433, 578.7235041872096, 716.5039135874558, 1237.6270501198946, 131.26950005275327, 1204.6175121890426, 956.1939332813978, 160.08570808067125, 408.9244046737894, 1998.524965891108, 1321.5083053064227, 765.189015857449, 835.1317133799095, 700.195678458549], [970.7598518292997, 1449.483977236653, 1365.4847620071075, 492.5913107297046, 588.2502591876029, 404.5466893875971, 338.72422399500124, 1994.845806620929, 1076.1718028928242, 63.242331750082094, 1362.1411192338107, 652.2150586629556, 1728.5862835304965, 201.4643381727992, 1302.686780626542, 1591.055129422417, 1251.9588942805435, 1461.2826059302695, 1996.9698752512477, 388.6248172743341], [1528.1297390261225, 1840.582500392767, 1748.1214445873468, 435.27580048634707, 314.7914695800213, 1131.5800026793709, 348.4125321381739, 901.8328727484255, 95.09422273220913, 1085.9919198337775, 1426.7611140985218, 1427.7840124198365, 1927.159321246157, 1750.0797751118887, 1416.2846606990659, 1633.4865582902642, 1970.9096925062045, 299.5752142836081, 1242.1811827410374, 80.677105585647